property_id,source_name,price,surface,rooms,city,region,zone,municipalite,transaction_type,type,latitude,longitude,features,reliability_score,reliability_level,model_weight,is_outlier,suspected_duplicate,change_type,price_delta_pct,price_per_m2,scraped_at
affare_243820,affare,65000.0,10000.0,,Bir Mchergua,ZAGHOUAN,north,Zaghouan,Sale,Land,36.4025,10.1431,residential use|good soil|water and electricity available|calm and secure area|deep well possible,75,GOOD,1.0,True,False,unchanged,0.0,6.5,2026-03-24T16:19:37.563134
affare_2170,affare,90000.0,2170.0,,Sidi Bou Ali,SOUSSE,east,Sidi Bou Ali,Sale,Land,35.9833,10.4667,titled|on asphalted road,85,HIGH,1.5,True,False,unchanged,0.0,41.47,2026-03-24T16:16:52.316469
affare_241011,affare,245000.0,,,Bir Mchergua,ZAGHOUAN,north,Zaghouan,Sale,Land,36.4025,10.1431,electricity and water available|good soil|water table|deep well possible|legal documents,65,GOOD,1.0,False,False,unchanged,0.0,,2026-03-24T16:19:56.557705
affare_1737,affare,680000.0,1430.0,,Route El Ain,SFAX,east,Agareb,Sale,Land,34.7392,10.5258,"fenced|house with 5 rooms|near schools, mosque, shops, clinic, hospital",100,HIGH,1.5,False,False,unchanged,0.0,475.52,2026-03-24T12:20:36.507876
affare_224230,affare,1800.0,230.0,3.0,Akouda,SOUSSE,east,Akouda,Sale,Apartment,35.8667,10.5667,Ascenseur|Parking,90,HIGH,1.5,True,False,unchanged,0.0,7.83,2026-03-24T10:37:11.016179
affare_240053,affare,225000.0,60.0,1.0,Ennasr,ARIANA,north,Ariana Ville,Sale,Apartment,36.866011,10.193923,Ascenseur,100,HIGH,1.5,False,False,unchanged,0.0,3750.0,2026-03-24T11:43:12.454942
affare_228212,affare,1500.0,100.0,2.0,Hammam Sousse,SOUSSE,east,Hammam Sousse,Sale,Apartment,35.8592,10.59,Ascenseur|Parking,90,HIGH,1.5,True,False,unchanged,0.0,15.0,2026-03-24T10:37:16.637707
affare_221112,affare,,7500.0,,El Fahs,ZAGHOUAN,north,Zaghouan,Sale,Land,36.4025,10.1431,garage,50,LOW,0.5,False,False,unchanged,,,2026-03-24T16:19:50.622733
affare_241005,affare,175000.0,,,Bir Mchergua,ZAGHOUAN,north,Zaghouan,Sale,Land,36.4025,10.1431,olive trees|fenced|electricity|legal documents|good soil|flat terrain|water table,65,GOOD,1.0,False,False,unchanged,0.0,,2026-03-24T16:19:43.969081
affare_223096,affare,78000.0,312.0,,Hammamet Sud,NABEUL,north,Hammamet,Sale,Land,36.4,10.6167,semi-fenced|water and electricity available|title deed,100,HIGH,1.5,False,False,unchanged,0.0,250.0,2026-03-24T11:43:17.970079
affare_255747,affare,560000.0,148.0,3.0,Les Berges Du Lac,TUNIS,north,Jebel Jelloud,Sale,Commercial,36.7667,10.1833,Ascenseur|Parking,100,HIGH,1.5,False,False,unchanged,0.0,3783.78,2026-03-24T11:42:59.668778
affare_256718,affare,780000.0,500.0,7.0,Ghazela,ARIANA,north,Ariana Ville,Sale,Land,36.866011,10.193923,jardin|garage|terrasse,100,HIGH,1.5,False,False,unchanged,0.0,1560.0,2026-03-24T12:21:31.541223
affare_245170,affare,2900.0,252.0,3.0,Mahdia,MAHDIA,east,Mahdia,Sale,Villa,35.5044,11.0567,Ascenseur|Parking,90,HIGH,1.5,True,False,unchanged,0.0,11.51,2026-03-24T16:16:10.976891
affare_248365,affare,185000.0,,,Bir Mchergua,ZAGHOUAN,north,Zaghouan,Sale,Land,36.4025,10.1431,electricity and water available|legal documents,65,GOOD,1.0,False,False,unchanged,0.0,,2026-03-24T16:19:24.375195
affare_245171,affare,3800.0,109.0,2.0,Mahdia,MAHDIA,east,Mahdia,Sale,Apartment,35.5044,11.0567,Ascenseur|Parking,90,HIGH,1.5,True,False,unchanged,0.0,34.86,2026-03-24T16:16:31.902445
affare_257145,affare,2000.0,90.0,2.0,Mahdia,MAHDIA,east,Mahdia,Rent,Apartment,35.5044,11.0567,piscine|climatisation,100,HIGH,1.5,False,False,unchanged,0.0,22.22,2026-03-24T16:17:32.303042
affare_256542,affare,460000.0,180.0,3.0,Akouda,SOUSSE,east,Akouda,Sale,Other,35.8667,10.5667,Ascenseur,100,HIGH,1.5,False,False,unchanged,0.0,2555.56,2026-03-24T10:37:06.935490
affare_256890,affare,650.0,102.0,2.0,Mahdia,MAHDIA,east,Mahdia,Sale,Apartment,35.5044,11.0567,Ascenseur,90,HIGH,1.5,True,False,unchanged,0.0,6.37,2026-03-24T16:17:20.508985
affare_253257,affare,600000.0,865.0,2.0,Kalâat El Andalous,ARIANA,north,Ariana Ville,Sale,Land,36.866011,10.193923,jardin|parking|climatisation|terrasse,100,HIGH,1.5,False,False,unchanged,0.0,693.64,2026-03-24T11:43:07.055998
affare_248364,affare,350000.0,,,Bir Mchergua,ZAGHOUAN,north,Zaghouan,Sale,Land,36.4025,10.1431,electricity and water available|legal documents,65,GOOD,1.0,False,False,unchanged,0.0,,2026-03-24T16:19:30.932407
affare_259042,affare,,130.0,3.0,Sousse Jawhara,SOUSSE,east,Sidi El Heni,Sale,Apartment,35.6756,10.3106,haut standing,90,HIGH,1.5,False,False,unchanged,,,2026-03-24T12:20:57.568441
affare_257147,affare,1500.0,66.0,1.0,Mahdia,MAHDIA,east,Mahdia,Rent,Apartment,35.5044,11.0567,Ascenseur,100,HIGH,1.5,False,False,unchanged,0.0,22.73,2026-03-24T16:17:50.807931
affare_259041,affare,260000.0,364.0,4.0,Akouda,SOUSSE,east,Akouda,Sale,Land,35.8667,10.5667,jardin,100,HIGH,1.5,False,False,unchanged,0.0,714.29,2026-03-24T12:20:47.428682
affare_257399,affare,1320.0,70.0,1.0,Ennasr,ARIANA,north,Ariana Ville,Rent,Apartment,36.866011,10.193923,Ascenseur|Parking,100,HIGH,1.5,False,False,unchanged,0.0,18.86,2026-03-24T11:42:52.644355
affare_257202,affare,550.0,80.0,2.0,Mahdia,MAHDIA,east,Mahdia,Rent,Apartment,35.5044,11.0567,Ascenseur,100,HIGH,1.5,False,False,unchanged,0.0,6.88,2026-03-24T16:17:44.003285
affare_258711,affare,1500.0,70.0,1.0,Menzah,ARIANA,north,Ariana Ville,Rent,Apartment,36.866011,10.193923,Ascenseur|Parking,100,HIGH,1.5,False,False,unchanged,0.0,21.43,2026-03-24T12:21:16.675673
affare_257705,affare,1600.0,120.0,2.0,Ennasr,ARIANA,north,Ariana Ville,Rent,Apartment,36.866011,10.193923,Ascenseur|Parking,100,HIGH,1.5,False,False,unchanged,0.0,13.33,2026-03-24T12:21:22.592523
affare_259043,affare,720000.0,500.0,3.0,Hammamet Sud,NABEUL,north,Hammamet,Sale,Villa,36.4,10.6167,piscine|jardin|parking|climatisation|terrasse,100,HIGH,1.5,False,False,unchanged,0.0,1440.0,2026-03-24T12:21:07.353888
affare_257858,affare,2300.0,200.0,,Sousse Médina,SOUSSE,east,Sidi El Heni,Sale,Commercial,35.6756,10.3106,meuble,80,GOOD,1.0,True,False,unchanged,0.0,11.5,2026-03-24T11:43:33.173096
affare_257768,affare,1100.0,70.0,,Sousse Médina,SOUSSE,east,Sidi El Heni,Sale,Commercial,35.6756,10.3106,meuble,80,GOOD,1.0,True,False,unchanged,0.0,15.71,2026-03-24T11:43:25.213579
affare_259049,affare,300000.0,620.0,5.0,Route El Ain,SFAX,east,Agareb,Sale,Land,34.7392,10.5258,Fenced on 3 sides|House with 5 rooms|Close to schools|Mosque|Commercial area,100,HIGH,1.5,False,False,unchanged,0.0,483.87,2026-03-24T12:20:18.114763
affare_259052,affare,820000.0,540.0,4.0,Hammamet Sud,NABEUL,north,Hammamet,Sale,Land,36.4,10.6167,jardin|parking|terrasse,100,HIGH,1.5,False,False,unchanged,0.0,1518.52,2026-03-24T16:19:17.331759
affare_259054,affare,750000.0,587.0,4.0,Hammamet Sud,NABEUL,north,Hammamet,Sale,Land,36.4,10.6167,piscine|jardin|parking|chauffage central|climatisation|terrasse,100,HIGH,1.5,False,False,unchanged,0.0,1277.68,2026-03-24T16:19:10.640229
affare_259050,affare,1050.0,580.0,4.0,Hammamet Sud,NABEUL,north,Hammamet,Sale,Land,36.4,10.6167,piscine|jardin|parking|chauffage central|climatisation|terrasse,90,HIGH,1.5,True,False,unchanged,0.0,1.81,2026-03-24T12:20:02.062125
affare_259046,affare,410000.0,811.0,,Route El Ain,SFAX,east,Agareb,Sale,Land,34.7392,10.5258,Fenced on 3 sides|Close to schools|Mosque|Commercial area,100,HIGH,1.5,False,False,unchanged,0.0,505.55,2026-03-24T12:20:24.628256
affare_259053,affare,850000.0,500.0,3.0,Akouda,SOUSSE,east,Akouda,Sale,Villa,35.8667,10.5667,haut standing|jardin,100,HIGH,1.5,False,False,unchanged,0.0,1700.0,2026-03-24T16:19:04.791762
affare_259047,affare,1300.0,1200.0,4.0,Sousse Riadh,SOUSSE,east,Sousse Riadh,Sale,Land,35.8269,10.63,Corner lot|3-sided access|Blue title|Construction permit|Development plan,95,HIGH,1.5,True,False,unchanged,0.0,1.08,2026-03-24T12:20:07.204343
affare_259048,affare,740000.0,400.0,4.0,Hammamet Sud,NABEUL,north,Hammamet,Sale,Land,36.4,10.6167,piscine|jardin|parking|chauffage central|climatisation|terrasse,100,HIGH,1.5,False,False,unchanged,0.0,1850.0,2026-03-24T12:20:30.461691
affare_259055,affare,760000.0,220.0,3.0,Hammamet,NABEUL,north,Hammamet,Sale,Villa,36.4,10.6167,piscine,100,HIGH,1.5,False,False,unchanged,0.0,3454.55,2026-03-24T16:18:51.532914
affare_259051,affare,2300.0,6714.0,,Grombalia,NABEUL,north,Nabeul,Sale,Land,36.4561,10.7358,Factory|Transformer (20 and 30 kVA)|Electricity|Water|Gas installation possible|Well,75,GOOD,1.0,True,False,unchanged,0.0,0.34,2026-03-24T12:20:11.808869
affare_259060,affare,760000.0,750.0,4.0,Hammamet Sud,NABEUL,north,Hammamet,Sale,Land,36.4,10.6167,piscine|jardin|parking|terrasse,100,HIGH,1.5,False,False,unchanged,0.0,1013.33,2026-03-24T16:18:27.194146
affare_259063,affare,975000.0,550.0,8.0,Hammamet,NABEUL,north,Hammamet,Sale,Land,36.4,10.6167,jardin|garage|chauffage central|climatisation|terrasse,100,HIGH,1.5,False,False,unchanged,0.0,1772.73,2026-03-24T16:18:16.572973
affare_259064,affare,1600.0,90.0,2.0,Sahloul,SOUSSE,east,Sidi El Heni,Rent,Apartment,35.6756,10.3106,Ascenseur|Parking,100,HIGH,1.5,False,False,unchanged,0.0,17.78,2026-03-24T16:18:12.050594
affare_259056,affare,170000.0,95.0,2.0,Hammamet,NABEUL,north,Hammamet,Sale,Apartment,36.4,10.6167,Parking,100,HIGH,1.5,False,False,unchanged,0.0,1789.47,2026-03-24T16:18:57.431980
affare_259066,affare,1350.0,650.0,5.0,Hammamet Sud,NABEUL,north,Hammamet,Sale,Villa,36.4,10.6167,piscine|jardin|parking|chauffage central|terrasse,90,HIGH,1.5,True,False,unchanged,0.0,2.08,2026-03-24T16:18:06.168014
affare_259059,affare,1050.0,700.0,4.0,Hammamet Sud,NABEUL,north,Hammamet,Sale,Land,36.4,10.6167,piscine|jardin|parking|chauffage central|climatisation|terrasse,90,HIGH,1.5,True,False,unchanged,0.0,1.5,2026-03-24T16:18:45.620661
affare_259061,affare,730000.0,350.0,4.0,Hammamet Sud,NABEUL,north,Hammamet,Sale,Villa,36.4,10.6167,piscine|garage|parking|chauffage central|climatisation|terrasse,100,HIGH,1.5,False,False,unchanged,0.0,2085.71,2026-03-24T16:18:21.908433
affare_259057,affare,860000.0,800.0,3.0,Hammamet Sud,NABEUL,north,Hammamet,Sale,Villa,36.4,10.6167,piscine|jardin|parking|chauffage central|climatisation|terrasse,100,HIGH,1.5,False,False,unchanged,0.0,1075.0,2026-03-24T16:18:38.024822
affare_259065,affare,870000.0,,4.0,Hammamet Sud,NABEUL,north,Hammamet,Sale,Villa,36.4,10.6167,piscine|jardin|parking|chauffage central|climatisation|terrasse,95,HIGH,1.5,False,False,unchanged,0.0,,2026-03-24T16:17:58.086732
affare_259058,affare,890000.0,500.0,4.0,Hammamet Sud,NABEUL,north,Hammamet,Sale,Villa,36.4,10.6167,haut standing|piscine|jardin|parking,100,HIGH,1.5,False,False,unchanged,0.0,1780.0,2026-03-24T16:18:33.370423
affare_259068,affare,850000.0,500.0,3.0,Hammamet,NABEUL,north,Hammamet,Sale,Villa,36.4,10.6167,piscine|jardin|parking|chauffage central|climatisation|terrasse,100,HIGH,1.5,False,False,unchanged,0.0,1700.0,2026-03-24T16:17:10.567211
century21_012583dc5e95,century21,,200.0,2.0,Hammamet,NABEUL,north,,Sale,Apartment,36.4040068,10.5689948,haut standing|terrasse,90,HIGH,1.5,False,False,unchanged,,,2026-03-24T13:00:38.578968
affare_259067,affare,100.0,100.0,2.0,Centre Ville - Lafayette,TUNIS,north,Jebel Jelloud,Sale,Other,36.7667,10.1833,,85,HIGH,1.5,True,False,unchanged,0.0,1.0,2026-03-24T16:16:42.625548
affare_30000,affare,120.0,,,Sousse Sidi Abdelhamid,SOUSSE,east,Sidi El Heni,Sale,Land,35.6756,10.3106,Industrial zone|Electricity available|Water available|Good visibility|Transport access,45,LOW,0.5,True,False,unchanged,0.0,,2026-03-24T12:20:42.725922
affare_259069,affare,1250.0,320.0,4.0,Hammamet,NABEUL,north,Hammamet,Sale,Land,36.4,10.6167,haut standing|piscine|jardin|garage|chauffage central|climatisation|terrasse,90,HIGH,1.5,True,False,unchanged,0.0,3.91,2026-03-24T16:17:05.916184
century21_00449ec77402,century21,,120.0,2.0,Cite El Khadra,TUNIS,north,,Rent,Commercial,36.8491156,10.196942,parking|climatisation,90,HIGH,1.5,False,False,unchanged,,,2026-03-24T13:26:32.708055
century21_02d29ba7dc54,century21,,62.0,,La Marsa,TUNIS,north,,Rent,Commercial,36.8899827,10.3224313,,50,LOW,0.5,False,False,unchanged,,,2026-03-24T13:33:48.348408
century21_031b69100d7d,century21,,166.0,,Les Berges Du Lac,TUNIS,north,,Rent,Commercial,36.8472959,10.2744566,parking,55,LOW,0.5,False,False,unchanged,,,2026-03-24T13:44:35.673826
century21_0027ce442d20,century21,,210.0,3.0,Hammamet,NABEUL,north,,Sale,Villa,36.4252308,10.6309169,piscine|jardin|terrasse,90,HIGH,1.5,False,False,unchanged,,,2026-03-24T16:27:17.356630
century21_02e0b379ff2b,century21,,234.0,,Jardins De Carthage,TUNIS,north,,Rent,Commercial,36.8472959,10.2744566,parking|climatisation,55,LOW,0.5,False,False,unchanged,,,2026-03-24T13:32:46.837496
century21_0342fde358d5,century21,,92.0,3.0,Jardins De Carthage,TUNIS,north,,Sale,Apartment,36.8524621,10.2964735,jardin|parking|chauffage central|climatisation,90,HIGH,1.5,False,False,unchanged,,,2026-03-24T13:04:07.880900
century21_03c93edcedb8,century21,,146.0,5.0,Ain Zaghouan,TUNIS,north,,Sale,Apartment,36.86044,10.277262,chauffage central|climatisation,90,HIGH,1.5,False,False,unchanged,,,2026-03-24T16:22:49.549313
century21_037ddbc9a6b9,century21,,69.0,,Aouina,TUNIS,north,,Sale,Commercial,36.8598675,10.2649198,chauffage central|climatisation,55,LOW,0.5,False,False,unchanged,,,2026-03-24T12:58:56.240539
century21_07c08a212998,century21,,86.0,3.0,Aouina,TUNIS,north,,Sale,Apartment,36.8535165,10.2558337,jardin|terrasse,90,HIGH,1.5,False,False,unchanged,,,2026-03-24T13:01:35.137344
century21_063de3910602,century21,,170.0,,Aouina,TUNIS,north,,Rent,Commercial,36.8556514,10.2557635,Two levels|Open space|Water point,55,LOW,0.5,False,False,unchanged,,,2026-03-24T13:13:43.797387
century21_04dfaa09ef8f,century21,,90.0,2.0,Ennasr,ARIANA,north,,Rent,Apartment,36.862482,10.169195,chauffage central|climatisation,90,HIGH,1.5,False,False,unchanged,,,2026-03-24T13:30:13.112814
century21_03d226e37dbe,century21,,120.0,2.0,La Marsa,TUNIS,north,,Rent,Apartment,36.8660009,10.3090981,parking|climatisation|meuble,90,HIGH,1.5,False,False,unchanged,,,2026-03-24T13:17:53.068396
century21_077f2decb003,century21,,160.0,4.0,La Marsa,TUNIS,north,,Rent,Apartment,36.8891165,10.3222671,parking|chauffage central|climatisation|terrasse,90,HIGH,1.5,False,False,unchanged,,,2026-03-24T13:36:44.502535
century21_06bd1bf41367,century21,,550.0,,Les Berges Du Lac,TUNIS,north,,Rent,Commercial,36.8472959,10.2744566,parking|chauffage central|climatisation,55,LOW,0.5,False,False,unchanged,,,2026-03-24T13:21:57.546922
century21_06c58998e013,century21,,147.0,3.0,Nabeul,NABEUL,north,,Sale,Apartment,36.4420874,10.6944554,haut standing|terrasse,90,HIGH,1.5,False,False,unchanged,,,2026-03-24T16:25:24.616082
century21_07cdcbbbc116,century21,,188.0,3.0,Jardins De Carthage,TUNIS,north,,Sale,Apartment,36.8524621,10.2964735,jardin|parking|climatisation|chambre de service|terrasse,90,HIGH,1.5,False,False,unchanged,,,2026-03-24T12:56:04.288465
century21_0918ae159c1c,century21,,168.0,4.0,Ennasr,ARIANA,north,,Sale,Apartment,36.862482,10.169195,Salon spacieux avec balcon|Suite parentale|2 chambres avec dressings|Cuisine équipée avec séchoir|Salle de bain|Salle d’eau,90,HIGH,1.5,False,False,unchanged,,,2026-03-24T13:02:55.469887
century21_084a6d73e689,century21,,160.0,4.0,Jardins De Carthage,TUNIS,north,,Sale,Apartment,36.8524621,10.2964735,jardin|parking|chauffage central|climatisation|terrasse,90,HIGH,1.5,False,False,unchanged,,,2026-03-24T13:01:16.112051
century21_08cc17d22f20,century21,,292.0,4.0,Jardins De Carthage,TUNIS,north,,Sale,Villa,36.8524621,10.2964735,jardin|garage|parking|chauffage central|climatisation|chambre de service,90,HIGH,1.5,False,False,unchanged,,,2026-03-24T12:56:53.162102
century21_0e6407551a27,century21,,110.0,3.0,Les Berges Du Lac,TUNIS,north,,Rent,Apartment,36.8472959,10.2744566,parking,90,HIGH,1.5,False,False,unchanged,,,2026-03-24T13:13:02.804324
century21_0ad72d4b28d6,century21,,200.0,3.0,La Marsa,TUNIS,north,,Rent,Villa,36.868209,10.319682,garage|chauffage central|climatisation|terrasse,90,HIGH,1.5,False,False,unchanged,,,2026-03-24T13:40:23.458065
century21_0d265a7d9772,century21,,180.0,4.0,La Marsa,TUNIS,north,,Rent,Apartment,36.874035,10.318656,chauffage central|climatisation,90,HIGH,1.5,False,False,unchanged,,,2026-03-24T13:10:49.045002
century21_0dd2bb14d722,century21,,130.0,3.0,Jardins De Carthage,TUNIS,north,,Rent,Apartment,36.8524621,10.2964735,jardin|parking|chauffage central|climatisation|terrasse,90,HIGH,1.5,False,False,unchanged,,,2026-03-24T13:23:07.450058
century21_08a2bf3ea23a,century21,,85.0,3.0,Gammarth,TUNIS,north,,Sale,Villa,36.9173042,10.2852532,haut standing|parking|chauffage central|climatisation,90,HIGH,1.5,False,False,unchanged,,,2026-03-24T12:50:58.215856
century21_0e64ecba232c,century21,,80.0,,La Soukra,ARIANA,north,,Rent,Commercial,36.8791039,10.2656209,parking|climatisation|meuble|ascenseur,55,LOW,0.5,False,False,unchanged,,,2026-03-24T13:13:14.552053
century21_0e7abc0bd304,century21,,170.0,3.0,Jardins De Carthage,TUNIS,north,,Rent,Apartment,36.8524621,10.2964735,jardin|parking|chauffage central|climatisation|terrasse,90,HIGH,1.5,False,False,unchanged,,,2026-03-24T13:29:51.579043
century21_10601fa24c71,century21,,153.0,3.0,Jardins De Carthage,TUNIS,north,,Sale,Apartment,36.8524621,10.2964735,jardin|parking|chauffage central|climatisation,90,HIGH,1.5,False,False,unchanged,,,2026-03-24T12:56:25.965168
century21_0f8abe645aaa,century21,,50.0,2.0,La Marsa,TUNIS,north,,Rent,Apartment,36.8848913,10.2961334,chauffage central|climatisation|terrasse,90,HIGH,1.5,False,False,unchanged,,,2026-03-24T13:30:19.237243
century21_10d67c536fe2,century21,,131.0,3.0,Ain Zaghouan,TUNIS,north,,Rent,Apartment,36.8626346,10.2866556,parking,90,HIGH,1.5,False,False,unchanged,,,2026-03-24T13:46:57.314971
century21_1194dd37f071,century21,,110.0,3.0,La Marsa,TUNIS,north,,Rent,Villa,36.882768,10.3156812,jardin|chauffage central|climatisation,90,HIGH,1.5,False,False,unchanged,,,2026-03-24T13:29:12.459777
century21_117d78a44d48,century21,,77.0,2.0,La Soukra,ARIANA,north,,Sale,Apartment,36.8645031,10.2721983,Salon avec balcon|Chambre avec dressing|Cuisine équipée|Salle d'eau avec cabine de douche,90,HIGH,1.5,False,False,unchanged,,,2026-03-24T16:22:43.868385
century21_0f4cd89ce29f,century21,,373.0,6.0,Jardins De Carthage,TUNIS,north,,Sale,Apartment,36.8524621,10.2964735,jardin|parking|chauffage central|climatisation|terrasse,90,HIGH,1.5,False,False,unchanged,,,2026-03-24T12:55:46.060195
century21_11cb0fbf6950,century21,,84.0,3.0,Bab Bhar,TUNIS,north,,Rent,Commercial,36.7969248,10.1766289,parking|climatisation|meuble|ascenseur,90,HIGH,1.5,False,False,unchanged,,,2026-03-24T13:40:29.909640
century21_1034d26c3d2b,century21,,230.0,4.0,La Soukra,ARIANA,north,,Sale,Villa,36.8791039,10.2656209,piscine|jardin|parking|chauffage central|climatisation,90,HIGH,1.5,False,False,unchanged,,,2026-03-24T12:34:26.860487
century21_110268,century21,,301.0,,Bou Mhel El Bassatine,BEN AROUS,north,,Sale,Land,36.7177686,10.3133067,Emplacement stratégique,55,LOW,0.5,False,False,unchanged,,,2026-03-24T13:08:04.025656
century21_121d339799e8,century21,,400.0,5.0,La Marsa,TUNIS,north,,Rent,Commercial,36.8900683,10.3032483,piscine|jardin|parking|chambre de service|terrasse,90,HIGH,1.5,False,False,unchanged,,,2026-03-24T13:23:01.824149
century21_12aa21ee2ba3,century21,,250.0,5.0,El Menzah,ARIANA,north,,Rent,Apartment,36.84708,10.151694,parking|chauffage central|climatisation|terrasse,90,HIGH,1.5,False,False,unchanged,,,2026-03-24T13:32:57.325627
century21_140e079cf58f,century21,,200.0,4.0,Gammarth,TUNIS,north,,Rent,Apartment,36.9200621,10.3069939,parking|climatisation|chambre de service|terrasse,90,HIGH,1.5,False,False,unchanged,,,2026-03-24T13:12:28.900261
century21_129a726b0a24,century21,,243.0,4.0,Les Berges Du Lac,TUNIS,north,,Sale,Villa,36.8472959,10.2744566,parking|chauffage central|climatisation,90,HIGH,1.5,False,False,unchanged,,,2026-03-24T12:40:31.644277
century21_1474ca3bef5d,century21,,85.0,2.0,Jardins De Carthage,TUNIS,north,,Rent,Apartment,36.8524621,10.2964735,jardin|parking|chauffage central|climatisation,90,HIGH,1.5,False,False,unchanged,,,2026-03-24T13:35:31.391386
century21_14bad5d9b3c1,century21,,140.0,4.0,La Soukra,ARIANA,north,,Rent,Apartment,36.8645031,10.2721983,parking|chauffage central|climatisation,90,HIGH,1.5,False,False,unchanged,,,2026-03-24T13:24:32.998558
century21_14e920c6f5c5,century21,,118.0,3.0,La Soukra,ARIANA,north,,Sale,Apartment,36.8791039,10.2656209,parking|chauffage central|climatisation,90,HIGH,1.5,False,False,unchanged,,,2026-03-24T13:09:04.318139
century21_13a378e74370,century21,,90.0,2.0,Jardins De Carthage,TUNIS,north,,Rent,Commercial,36.8524621,10.2964735,jardin|parking|chauffage central|climatisation|meuble,90,HIGH,1.5,False,False,unchanged,,,2026-03-24T13:45:37.275650
century21_11d02ac0f672,century21,,62.0,,La Marsa,TUNIS,north,,Rent,Commercial,36.8899827,10.3224313,Open space modulable|Salle d'eau,55,LOW,0.5,False,False,unchanged,,,2026-03-24T13:22:11.035670
century21_12046e292fd8,century21,,112.0,3.0,Mannouba,MANNOUBA,,,Sale,Apartment,36.8093284,10.0863269,parking|chauffage central|climatisation|terrasse,90,HIGH,1.5,False,False,unchanged,,,2026-03-24T12:54:32.861821
century21_1756bf078e87,century21,,260.0,3.0,Les Berges Du Lac,TUNIS,north,,Rent,Apartment,36.8396823,10.2466798,parking|climatisation|chambre de service|terrasse,90,HIGH,1.5,False,False,unchanged,,,2026-03-24T13:12:17.625773
century21_16b7287988e9,century21,,70.0,2.0,La Soukra,ARIANA,north,,Rent,Apartment,36.8791039,10.2656209,parking|climatisation,90,HIGH,1.5,False,False,unchanged,,,2026-03-24T13:32:41.881208
century21_196ff1aa5dc3,century21,,240.0,4.0,Les Berges Du Lac,TUNIS,north,,Rent,Apartment,36.8472959,10.2744566,parking|climatisation|terrasse,90,HIGH,1.5,False,False,unchanged,,,2026-03-24T13:17:24.644126
century21_160cca2e3501,century21,,150.0,4.0,Nabeul,NABEUL,north,,Rent,Villa,36.4420874,10.6944554,Balcony|Independent kitchen|Three bedrooms with dressing|Bathroom|Shower room|Car shelter,90,HIGH,1.5,False,False,unchanged,,,2026-03-24T13:16:10.439817
century21_1aba80c46649,century21,,1200.0,,La Marsa,TUNIS,north,,Sale,Other,36.8891165,10.3222671,meuble,55,LOW,0.5,False,False,unchanged,,,2026-03-24T13:07:29.485723
century21_162d10266d98,century21,,170.0,5.0,Hammamet,NABEUL,north,,Sale,Land,36.4252308,10.6309169,piscine|jardin|terrasse,90,HIGH,1.5,False,False,unchanged,,,2026-03-24T12:44:42.859141
century21_18f970fcc192,century21,,147.0,5.0,Cite El Khadra,TUNIS,north,,Rent,Commercial,36.8491156,10.196942,parking|chauffage central|climatisation,90,HIGH,1.5,False,False,unchanged,,,2026-03-24T13:15:54.937923
century21_1530c85db09d,century21,,80.0,3.0,La Soukra,ARIANA,north,,Rent,Commercial,36.8791039,10.2656209,parking|meuble|ascenseur,90,HIGH,1.5,False,False,unchanged,,,2026-03-24T13:13:07.715600
century21_198a658d9ee7,century21,,155.0,3.0,Jardins De Carthage,TUNIS,north,,Sale,Apartment,36.8524621,10.2964735,jardin|parking|chauffage central|climatisation,90,HIGH,1.5,False,False,unchanged,,,2026-03-24T12:52:45.658389
century21_191f35598ac0,century21,,200.0,7.0,Cite El Khadra,TUNIS,north,,Rent,Commercial,36.8491156,10.196942,parking|chauffage central|climatisation,90,HIGH,1.5,False,False,unchanged,,,2026-03-24T13:28:10.944850
century21_1ad355021e8b,century21,2300.0,200.0,4.0,Charguia,TUNIS,north,,Rent,Commercial,36.8549252,10.2067501,parking|chauffage central,100,HIGH,1.5,False,False,unchanged,,11.5,2026-03-24T13:41:50.448116
century21_1cc124869d3c,century21,,140.0,3.0,Ennasr,ARIANA,north,,Sale,Apartment,36.862482,10.169195,chauffage central|climatisation,90,HIGH,1.5,False,False,unchanged,,,2026-03-24T16:29:01.923856
century21_2000,century21,1600.0,2000.0,,La Marsa,TUNIS,north,,Sale,Land,36.8660009,10.3090981,Promotion Opportunity,80,GOOD,1.0,True,False,unchanged,,0.8,2026-03-24T12:45:13.440504
century21_1b6b14760a20,century21,,400.0,4.0,Gammarth,TUNIS,north,,Rent,Land,36.9173042,10.2852532,piscine|jardin|garage|chauffage central|climatisation|terrasse,90,HIGH,1.5,False,False,unchanged,,,2026-03-24T13:33:34.566043
century21_1f148f418fac,century21,,300.0,5.0,Les Berges Du Lac,TUNIS,north,,Rent,Villa,36.8472959,10.2744566,piscine|jardin|parking,90,HIGH,1.5,False,False,unchanged,,,2026-03-24T13:45:31.943843
century21_21453b0d564b,century21,,121.0,2.0,El Menzah,TUNIS,north,,Sale,Apartment,36.8391789,10.1577208,parking,90,HIGH,1.5,False,False,unchanged,,,2026-03-24T12:43:58.172283
century21_2150,century21,,2150.0,,Les Berges Du Lac,TUNIS,north,,Rent,Commercial,36.834329,10.302165,meuble,55,LOW,0.5,False,False,unchanged,,,2026-03-24T13:17:05.975003
century21_1c856cc1789a,century21,,181.0,,La Soukra,ARIANA,north,La Soukra,Rent,Commercial,36.885212,10.245301,Stockage|Atelier|Compteur électrique individuel,60,GOOD,1.0,False,False,unchanged,,,2026-03-24T13:25:36.334653
century21_21015be21ea9,century21,,156.0,,Les Berges Du Lac,TUNIS,north,,Rent,Commercial,36.8472959,10.2744566,parking|chauffage central|climatisation,55,LOW,0.5,False,False,unchanged,,,2026-03-24T13:44:15.904570
century21_214eb3deba0a,century21,,30.0,,Ain Zaghouan,TUNIS,north,,Rent,Commercial,36.8626346,10.2866556,High Commercial Traffic,55,LOW,0.5,False,False,unchanged,,,2026-03-24T13:12:47.364640
century21_21f11a52cd51,century21,,800.0,5.0,La Soukra,ARIANA,north,,Sale,Land,36.8791039,10.2656209,piscine|jardin|garage|chauffage central|climatisation,90,HIGH,1.5,False,False,unchanged,,,2026-03-24T13:06:27.471627
century21_24051fa795f3,century21,,43.0,,Ariana Ville,ARIANA,north,,Rent,Commercial,36.8650901,10.2123551,Open space|Salle d'eau,55,LOW,0.5,False,False,unchanged,,,2026-03-24T13:10:28.968200
century21_215c9ba276f7,century21,,167.0,3.0,La Soukra,ARIANA,north,,Rent,Apartment,36.8613497,10.2650951,parking|chauffage central|climatisation,90,HIGH,1.5,False,False,unchanged,,,2026-03-24T13:31:48.019039
century21_2156c0f75904,century21,,75.0,2.0,El Menzah,ARIANA,north,,Rent,Commercial,36.8491088,10.1661239,meuble|terrasse,90,HIGH,1.5,False,False,unchanged,,,2026-03-24T13:36:36.086604
century21_224386c48ec5,century21,,420.0,7.0,Gammarth,TUNIS,north,,Rent,Land,36.8923669,10.3119038,piscine|jardin|garage|chauffage central|climatisation|chambre de service|terrasse,90,HIGH,1.5,False,False,unchanged,,,2026-03-24T13:32:21.149680
century21_2294f82184d4,century21,,100.0,1.0,La Marsa,TUNIS,north,,Rent,Apartment,36.8660009,10.3090981,jardin|parking|chauffage central|climatisation,90,HIGH,1.5,False,False,unchanged,,,2026-03-24T13:18:22.851717
century21_241d85dc368f,century21,,286.0,3.0,La Soukra,ARIANA,north,,Sale,Apartment,36.8862706,10.2185958,jardin|parking|chauffage central|climatisation,90,HIGH,1.5,False,False,unchanged,,,2026-03-24T12:43:46.800078
century21_2230fbcaa37d,century21,2100000.0,541.0,5.0,El Menzah,ARIANA,north,,Sale,Villa,36.8483853,10.1745278,Corner plot|Mixed development potential (R+2)|Premium location|Near Ben Yaghlane,100,HIGH,1.5,False,False,unchanged,,3881.7,2026-03-24T13:04:12.857703
century21_2307025f158c,century21,,100.0,1.0,Ain Zaghouan,TUNIS,north,,Rent,Apartment,36.8626346,10.2866556,parking|chauffage central|climatisation|terrasse,90,HIGH,1.5,False,False,unchanged,,,2026-03-24T13:35:36.773303
century21_25e2d5914853,century21,,500.0,7.0,El Menzah,ARIANA,north,,Rent,Villa,36.856615,10.1717264,jardin|garage,90,HIGH,1.5,False,False,unchanged,,,2026-03-24T13:29:25.456943
century21_2b7128069939,century21,,124.0,2.0,La Soukra,ARIANA,north,,Sale,Apartment,36.8791039,10.2656209,parking,90,HIGH,1.5,False,False,unchanged,,,2026-03-24T12:36:00.942916
century21_2b58507c48ad,century21,,140.0,3.0,La Marsa,TUNIS,north,,Rent,Apartment,36.874035,10.318656,parking|chauffage central|climatisation,90,HIGH,1.5,False,False,unchanged,,,2026-03-24T13:34:43.687277
century21_29a98f100e00,century21,,700.0,5.0,El Menzah,ARIANA,north,,Sale,Villa,36.84708,10.151694,jardin|garage|terrasse,90,HIGH,1.5,False,False,unchanged,,,2026-03-24T16:26:30.763751
century21_2798f9b04a84,century21,,80.0,,Aouina,TUNIS,north,,Sale,Commercial,36.8598675,10.2649198,Hall|Two rooms|Kitchenette|Water point,55,LOW,0.5,False,False,unchanged,,,2026-03-24T12:55:02.163942
century21_261a83aea510,century21,,880.0,,El Menzah,ARIANA,north,,Sale,Land,36.84708,10.151694,Residential zone|Villa area|Habitation R2 zoning,55,LOW,0.5,False,False,unchanged,,,2026-03-24T12:53:18.617986
century21_283146c5e295,century21,,100.0,,Les Berges Du Lac,TUNIS,north,,Sale,Commercial,36.8472959,10.2744566,Ground floor area: 70m²|Mezzanine area: 30m²|Facade: 15m|Rent: 3000 DT TTC|Prime commercial artery|All commercial vocations,55,LOW,0.5,False,False,unchanged,,,2026-03-24T12:41:00.879077
century21_2843b00e4c7d,century21,,261.0,,Les Berges Du Lac,TUNIS,north,,Rent,Commercial,36.834329,10.302165,parking|chauffage central|climatisation,55,LOW,0.5,False,False,unchanged,,,2026-03-24T13:44:09.333381
century21_276c7ffa4642,century21,,160.0,4.0,Jardins De Carthage,TUNIS,north,,Sale,Apartment,36.8524621,10.2964735,jardin|parking|chauffage central|climatisation|terrasse,90,HIGH,1.5,False,False,unchanged,,,2026-03-24T12:54:16.798513
century21_26627c5819bc,century21,,44.0,2.0,Les Berges Du Lac,TUNIS,north,,Rent,Apartment,36.8396823,10.2466798,parking,90,HIGH,1.5,False,False,unchanged,,,2026-03-24T13:17:12.917079
century21_2769d491c77a,century21,,548.0,,Mahras,SFAX,east,,Sale,Land,34.537523,10.5774363,Residential vocation|Individual title deed,55,LOW,0.5,False,False,unchanged,,,2026-03-24T13:02:29.690142
century21_2d4b5571ad61,century21,,100.0,,Jardins De Carthage,TUNIS,north,,Rent,Commercial,36.8524621,10.2964735,jardin|parking,55,LOW,0.5,False,False,unchanged,,,2026-03-24T13:36:14.233261
century21_301919c5622c,century21,,147.0,4.0,Gammarth,TUNIS,north,,Sale,Apartment,36.898385,10.300732,haut standing|chauffage central|climatisation|terrasse,90,HIGH,1.5,False,False,unchanged,,,2026-03-24T16:26:44.698013
century21_2ddd27269d68,century21,,600.0,,El Omrane,TUNIS,north,,Rent,Commercial,36.8152083,10.1654236,garage,55,LOW,0.5,False,False,unchanged,,,2026-03-24T13:47:02.803986
century21_323a0986bf3a,century21,,281.0,5.0,Mnihla,ARIANA,north,,Sale,Villa,36.8447375,10.1395169,parking|chauffage central|climatisation|terrasse,90,HIGH,1.5,False,False,unchanged,,,2026-03-24T16:24:06.873269
century21_3239d5ef5c92,century21,,100.0,2.0,Jardins De Carthage,TUNIS,north,,Rent,Commercial,36.8524621,10.2964735,jardin|chauffage central|climatisation,90,HIGH,1.5,False,False,unchanged,,,2026-03-24T13:45:46.486635
century21_3114d82eed86,century21,,161.0,4.0,Jardins De Carthage,TUNIS,north,,Rent,Apartment,36.8524621,10.2964735,jardin|parking|chauffage central|climatisation,90,HIGH,1.5,False,False,unchanged,,,2026-03-24T13:27:38.762014
century21_302c0dba16da,century21,,81.0,2.0,La Soukra,ARIANA,north,,Sale,Apartment,36.8862706,10.2185958,chauffage central|climatisation,90,HIGH,1.5,False,False,unchanged,,,2026-03-24T13:04:03.118671
century21_310f40b1eedd,century21,,150.0,3.0,Jardins De Carthage,TUNIS,north,,Rent,Apartment,36.8524621,10.2964735,jardin|parking|chauffage central|climatisation,90,HIGH,1.5,False,False,unchanged,,,2026-03-24T13:14:13.478810
century21_319b28be4741,century21,,150.0,3.0,El Kram,TUNIS,north,,Rent,Apartment,36.83332,10.3175155,vue mer|terrasse,90,HIGH,1.5,False,False,unchanged,,,2026-03-24T13:11:59.216897
century21_31aae087b601,century21,,57.0,,Bab Bhar,TUNIS,north,,Sale,Commercial,36.8304736,10.196942,meuble,55,LOW,0.5,False,False,unchanged,,,2026-03-24T12:43:09.686904
century21_3317a93cc234,century21,,61.0,3.0,Nabeul,NABEUL,north,,Sale,Villa,36.4512893,10.7356634,living room|equipped kitchen|2 bedrooms|shower,90,HIGH,1.5,False,False,unchanged,,,2026-03-24T16:28:29.195841
century21_356e73a2bfcf,century21,,220.0,,El Kram,TUNIS,north,,Rent,Commercial,36.8398699,10.303487,parking,55,LOW,0.5,False,False,unchanged,,,2026-03-24T13:35:02.160753
century21_353f1ebac7e7,century21,,85.0,2.0,El Menzah,TUNIS,north,,Rent,Apartment,36.84708,10.151694,haut standing|piscine|jardin|chauffage central|climatisation,90,HIGH,1.5,False,False,unchanged,,,2026-03-24T13:18:16.046284
century21_348d3180e07b,century21,,155.0,4.0,Ennasr,ARIANA,north,,Sale,Apartment,36.862482,10.169195,Salon avec balcon|Cuisine équipée avec séchoir|Trois chambres à coucher|Salle de bain|Salle d'eau,90,HIGH,1.5,False,False,unchanged,,,2026-03-24T16:23:21.150459
century21_32e1a28a66b5,century21,,70.0,2.0,Jardins De Carthage,TUNIS,north,,Rent,Apartment,36.8524621,10.2964735,jardin|chauffage central|climatisation,90,HIGH,1.5,False,False,unchanged,,,2026-03-24T13:31:19.540210
century21_347f54f1f121,century21,,120.0,3.0,Ain Zaghouan,TUNIS,north,,Rent,Apartment,36.859234,10.277161,chauffage central,90,HIGH,1.5,False,False,unchanged,,,2026-03-24T13:39:38.026227
century21_32dce02693df,century21,,228.0,4.0,Jardins De Carthage,TUNIS,north,,Sale,Apartment,36.8524621,10.2964735,jardin|parking|chauffage central|climatisation|terrasse,90,HIGH,1.5,False,False,unchanged,,,2026-03-24T13:05:43.898595
century21_3572353f854b,century21,,140.0,4.0,El Menzah,TUNIS,north,,Rent,Apartment,36.8396719,10.1829325,salon|living room|3 bedrooms|equipped kitchen|dryer|shower|bathroom,90,HIGH,1.5,False,False,unchanged,,,2026-03-24T13:37:25.882329
century21_32c6e6dff074,century21,,70.0,2.0,Jardins De Carthage,TUNIS,north,,Rent,Apartment,36.8524621,10.2964735,jardin|parking|chauffage central|climatisation,90,HIGH,1.5,False,False,unchanged,,,2026-03-24T13:14:19.214841
century21_3452f4daaec0,century21,,117.0,3.0,Jardins De Carthage,TUNIS,north,,Sale,Apartment,36.8524621,10.2964735,jardin|parking|chauffage central|climatisation,90,HIGH,1.5,False,False,unchanged,,,2026-03-24T13:01:59.963136
century21_394dc6c6335c,century21,,120.0,,Jardins De Carthage,TUNIS,north,,Sale,Commercial,36.8524621,10.2964735,jardin,55,LOW,0.5,False,False,unchanged,,,2026-03-24T12:53:32.544560
century21_39b0e3338d5c,century21,,3200.0,,Bab Bhar,TUNIS,north,,Rent,Commercial,36.811319,10.180595,meuble|ascenseur,55,LOW,0.5,False,False,unchanged,,,2026-03-24T13:28:58.986248
century21_3659cd35b042,century21,,100.0,1.0,Les Berges Du Lac,TUNIS,north,,Rent,Commercial,36.8472959,10.2744566,Hall|Bureau|2 salles d'eau,90,HIGH,1.5,False,False,unchanged,,,2026-03-24T13:12:55.208263
century21_399e190c1aab,century21,,54.0,1.0,La Soukra,ARIANA,north,,Sale,Apartment,36.8645031,10.2721983,parking|chauffage central|climatisation|meuble,90,HIGH,1.5,False,False,unchanged,,,2026-03-24T16:27:00.713054
century21_39fc5f9a7f3d,century21,,78.0,2.0,La Soukra,ARIANA,north,,Sale,Apartment,36.8862706,10.2185958,chauffage central|climatisation,90,HIGH,1.5,False,False,unchanged,,,2026-03-24T12:51:56.658264
century21_366a8e518bcc,century21,,200.0,4.0,Les Berges Du Lac,TUNIS,north,,Rent,Villa,36.8472959,10.2744566,parking,90,HIGH,1.5,False,False,unchanged,,,2026-03-24T13:42:55.312915
century21_3839f8e04965,century21,,480.0,6.0,El Menzah,ARIANA,north,,Sale,Land,36.8483853,10.1745278,jardin,90,HIGH,1.5,False,False,unchanged,,,2026-03-24T13:05:18.810651
century21_361caf169058,century21,,130.0,4.0,El Menzah,TUNIS,north,,Rent,Apartment,36.8401547,10.1773292,parking|chauffage central|climatisation,90,HIGH,1.5,False,False,unchanged,,,2026-03-24T13:19:36.349176
century21_362465b3895d,century21,,100.0,3.0,Gammarth,TUNIS,north,,Rent,Villa,36.9173042,10.2852532,vue mer|terrasse,90,HIGH,1.5,False,False,unchanged,,,2026-03-24T13:11:52.674391
century21_377e6962b7a4,century21,,85.0,3.0,La Marsa,TUNIS,north,,Rent,Apartment,36.868209,10.319682,parking|terrasse,90,HIGH,1.5,False,False,unchanged,,,2026-03-24T13:16:01.340156
century21_3e63579bc109,century21,,400.0,,La Soukra,ARIANA,north,,Sale,Commercial,36.8791039,10.2656209,Hauteur: 3.80m|Façade: 20m|Activité: tout commerce sauf restaurant|Loyer: 5800 dt Net,55,LOW,0.5,False,False,unchanged,,,2026-03-24T13:03:42.742039
century21_3d6c56be89e6,century21,,598.0,,El Menzah,ARIANA,north,,Sale,Land,36.8483853,10.1745278,To demolish|Residential area|R+2,55,LOW,0.5,False,False,unchanged,,,2026-03-24T13:03:22.544989
century21_3c6dd314328c,century21,,62.0,2.0,Ennasr,ARIANA,north,,Sale,Apartment,36.862482,10.169195,chauffage central|climatisation,90,HIGH,1.5,False,False,unchanged,,,2026-03-24T12:43:52.478850
century21_3e30dfca147e,century21,,832.0,,La Soukra,ARIANA,north,,Sale,Land,36.8737239,10.2650253,Titre foncier individuel|Vocation: habitation|Quartier calme et résidentiel|Emplacement stratégique,55,LOW,0.5,False,False,unchanged,,,2026-03-24T12:46:19.019487
century21_3c1ae4d49e2c,century21,,352.0,5.0,La Soukra,ARIANA,north,,Sale,Villa,36.8679869,10.2403858,jardin|parking,90,HIGH,1.5,False,False,unchanged,,,2026-03-24T13:07:58.233988
century21_3dd3d5649a08,century21,,118.0,,Nabeul,NABEUL,north,,Rent,Commercial,36.4512893,10.7356634,Tourist boulevard,55,LOW,0.5,False,False,unchanged,,,2026-03-24T13:19:54.989904
century21_3d40f647ef38,century21,,110.0,,Ariana Ville,ARIANA,north,,Sale,Commercial,36.854441,10.196942,chauffage central|climatisation|meuble|ascenseur,55,LOW,0.5,False,False,unchanged,,,2026-03-24T12:38:54.681180
century21_3cd545d39ca4,century21,,307.0,,Menzel Temime,NABEUL,north,,Sale,Land,36.7822911,10.9863525,Beachfront|Residential,55,LOW,0.5,False,False,unchanged,,,2026-03-24T13:08:18.238664
century21_3c8ed2535105,century21,,200.0,3.0,Les Berges Du Lac,TUNIS,north,,Rent,Commercial,36.834329,10.302165,parking|chauffage central|climatisation|meuble,90,HIGH,1.5,False,False,unchanged,,,2026-03-24T13:40:35.238553
century21_3a705557f848,century21,,78.0,,La Soukra,ARIANA,north,,Sale,Commercial,36.8645031,10.2721983,Loyer: 3000 Dinars/Mois|Toute activité,55,LOW,0.5,False,False,unchanged,,,2026-03-24T12:41:56.105802
century21_411322c92dd6,century21,,90.0,,Jardins De Carthage,TUNIS,north,,Rent,Commercial,36.8524621,10.2964735,jardin,55,LOW,0.5,False,False,unchanged,,,2026-03-24T13:47:32.807372
century21_4000,century21,,4000.0,,Les Berges Du Lac,TUNIS,north,,Rent,Commercial,36.834329,10.302165,parking|meuble,55,LOW,0.5,False,False,unchanged,,,2026-03-24T13:43:45.720069
century21_43c73f15dc02,century21,,350.0,4.0,La Marsa,TUNIS,north,,Rent,Villa,36.868209,10.319682,chauffage central|climatisation|terrasse,90,HIGH,1.5,False,False,unchanged,,,2026-03-24T13:45:18.746421
century21_3eeb298bd730,century21,,180.0,,El Menzah,TUNIS,north,,Rent,Commercial,36.8391789,10.1577208,Open space|Separate offices|Restroom|Strategic location,55,LOW,0.5,False,False,unchanged,,,2026-03-24T13:34:00.823077
century21_430a2b3e3d56,century21,,70.0,1.0,Jardins De Carthage,TUNIS,north,,Sale,Apartment,36.8524621,10.2964735,jardin|chauffage central|climatisation|meuble,90,HIGH,1.5,False,False,unchanged,,,2026-03-24T12:49:58.789616
century21_3f9be412ebe8,century21,3500.0,110.0,6.0,Bab Bhar,TUNIS,north,,Rent,Commercial,36.8186044,10.1801308,chauffage central|climatisation,100,HIGH,1.5,False,False,unchanged,,31.82,2026-03-24T13:21:43.173454
century21_42260c34c5da,century21,,64.0,2.0,Aouina,TUNIS,north,,Sale,Apartment,36.8556514,10.2557635,haut standing|climatisation,90,HIGH,1.5,False,False,unchanged,,,2026-03-24T16:23:36.300514
century21_410a0b71600a,century21,,136.0,2.0,La Soukra,ARIANA,north,,Sale,Apartment,36.8791039,10.2656209,parking|chauffage central|climatisation,90,HIGH,1.5,False,False,unchanged,,,2026-03-24T12:59:32.119147
century21_42bcdb78bfaf,century21,,112.0,3.0,Mannouba,MANNOUBA,,,Sale,Apartment,36.8093284,10.0863269,parking|chauffage central|climatisation|terrasse,90,HIGH,1.5,False,False,unchanged,,,2026-03-24T12:54:38.896786
century21_3eb5b0e9318b,century21,,52.0,,Cite El Khadra,TUNIS,north,,Sale,Commercial,36.8491156,10.196942,Rez-de-chaussée,55,LOW,0.5,False,False,unchanged,,,2026-03-24T12:55:38.573251
century21_446a679ce31f,century21,,128.0,4.0,Jardins D'El Menzah,ARIANA,north,,Sale,Apartment,36.8447375,10.1395169,jardin|chauffage central|climatisation,90,HIGH,1.5,False,False,unchanged,,,2026-03-24T12:41:38.380421
century21_470ba187fcfe,century21,,110.0,3.0,Les Berges Du Lac,TUNIS,north,,Rent,Apartment,36.8472959,10.2744566,parking,90,HIGH,1.5,False,False,unchanged,,,2026-03-24T13:34:06.844448
century21_45b1a02669b7,century21,,153.0,5.0,Jardins De Carthage,TUNIS,north,,Sale,Apartment,36.8524621,10.2964735,jardin|parking|chauffage central|climatisation|terrasse,90,HIGH,1.5,False,False,unchanged,,,2026-03-24T12:38:47.442123
century21_455946eedb91,century21,,5000.0,,Kalaa Essghira,SOUSSE,east,,Sale,Land,35.8217563,10.5605541,Terrain agricole|Titre foncier individuel,55,LOW,0.5,False,False,unchanged,,,2026-03-24T16:28:52.059420
century21_48c58b99c641,century21,,97.0,3.0,Nabeul,NABEUL,north,,Sale,Apartment,36.4420874,10.6944554,piscine|chauffage central|climatisation|meuble|terrasse,90,HIGH,1.5,False,False,unchanged,,,2026-03-24T16:23:48.972319
century21_441acd868ad7,century21,,75.0,2.0,Jardins De Carthage,TUNIS,north,,Rent,Apartment,36.8524621,10.2964735,jardin|chauffage central|climatisation,90,HIGH,1.5,False,False,unchanged,,,2026-03-24T13:44:59.957572
century21_43de84c63f1a,century21,,400.0,5.0,La Soukra,ARIANA,north,,Sale,Land,36.8885571,10.2318816,piscine|garage,90,HIGH,1.5,False,False,unchanged,,,2026-03-24T12:35:00.090418
century21_4469dfee02b5,century21,,180.0,,Les Berges Du Lac,TUNIS,north,,Rent,Commercial,36.8472959,10.2744566,parking|chauffage central|climatisation,55,LOW,0.5,False,False,unchanged,,,2026-03-24T13:44:41.365176
century21_48d7fd5f468a,century21,,285.0,5.0,Gammarth,TUNIS,north,,Sale,Villa,36.8923669,10.3119038,piscine|jardin|vue mer|terrasse,90,HIGH,1.5,False,False,unchanged,,,2026-03-24T12:36:13.715561
century21_462ff2b648c9,century21,,200.0,5.0,Les Berges Du Lac,TUNIS,north,,Rent,Villa,36.8472959,10.2744566,parking|chambre de service,90,HIGH,1.5,False,False,unchanged,,,2026-03-24T13:22:04.448460
century21_4a1a3f49ab4f,century21,,129.0,3.0,Jardins De Carthage,TUNIS,north,,Sale,Apartment,36.8524621,10.2964735,jardin|parking|chauffage central|climatisation,90,HIGH,1.5,False,False,unchanged,,,2026-03-24T12:52:10.262487
century21_4a4184c24202,century21,,1100.0,,Beni Khalled,NABEUL,north,,Sale,Land,36.6478364,10.5915072,meuble,55,LOW,0.5,False,False,unchanged,,,2026-03-24T12:42:57.869379
century21_4b21ebbe8ee4,century21,,117.0,3.0,Ain Zaghouan,TUNIS,north,,Sale,Apartment,36.8626346,10.2866556,parking|chauffage central|climatisation,90,HIGH,1.5,False,False,unchanged,,,2026-03-24T12:47:51.330201
century21_4986433c866a,century21,,80.0,,El Menzah,ARIANA,north,,Rent,Commercial,36.8483853,10.1745278,Hall d'accueil|Deux pièces|Deux points d'eau|Kitchenette,55,LOW,0.5,False,False,unchanged,,,2026-03-24T13:10:02.783917
century21_4a6df658f0a8,century21,,300.0,4.0,Le Bardo,TUNIS,north,,Sale,Land,36.8125194,10.1269163,jardin|climatisation|terrasse,90,HIGH,1.5,False,False,unchanged,,,2026-03-24T13:04:27.661367
century21_4b02b4e15188,century21,,33.0,,Aouina,TUNIS,north,,Sale,Commercial,36.8556514,10.2557635,Fonds de commerce|Local fonctionnel|WC|Bonne visibilité,55,LOW,0.5,False,False,unchanged,,,2026-03-24T16:27:22.994583
century21_490963ff1f23,century21,,300.0,5.0,Les Berges Du Lac,TUNIS,north,,Rent,Villa,36.8472959,10.2744566,piscine|jardin|parking,90,HIGH,1.5,False,False,unchanged,,,2026-03-24T13:46:37.239579
century21_4b4643733019,century21,,120.0,3.0,La Soukra,ARIANA,north,,Rent,Apartment,36.8791039,10.2656209,jardin|parking|terrasse,90,HIGH,1.5,False,False,unchanged,,,2026-03-24T13:19:48.466143
century21_4a769158cac2,century21,,160.0,4.0,Nabeul,NABEUL,north,,Sale,Apartment,36.4512893,10.7356634,chauffage central|climatisation|vue mer,90,HIGH,1.5,False,False,unchanged,,,2026-03-24T12:37:05.237976
century21_4a3c491f25fd,century21,,131.0,3.0,Jardins De Carthage,TUNIS,north,,Sale,Apartment,36.8524621,10.2964735,jardin|parking|chauffage central|climatisation,90,HIGH,1.5,False,False,unchanged,,,2026-03-24T12:52:03.563868
century21_4e520ff08ade,century21,2500.0,200.0,5.0,El Menzah,TUNIS,north,,Rent,Apartment,36.832405,10.174527,chauffage central|climatisation|terrasse,100,HIGH,1.5,False,False,unchanged,,12.5,2026-03-24T13:10:22.759345
century21_4d5476cf977d,century21,,750.0,,La Soukra,ARIANA,north,,Sale,Land,36.8679869,10.2403858,garage|meuble|ascenseur,55,LOW,0.5,False,False,unchanged,,,2026-03-24T12:58:27.498368
century21_4c157498d1d8,century21,,270.0,,La Soukra,ARIANA,north,,Rent,Commercial,36.8791039,10.2656209,Local commercial|Hall d'accueil|Plusieurs espaces d'exposition|Façade de plus de 20m|Salle d'eau|Système de sécurité avec caméras et alarme,55,LOW,0.5,False,False,unchanged,,,2026-03-24T13:47:25.268103
century21_4c06b43c068a,century21,,103.0,4.0,Sidi El Bechir,TUNIS,north,,Rent,Commercial,36.7926862,10.1794304,parking|ascenseur,90,HIGH,1.5,False,False,unchanged,,,2026-03-24T13:14:59.359600
century21_4c7b3f4d179d,century21,,135.0,4.0,Ain Zaghouan,TUNIS,north,,Rent,Apartment,36.8626346,10.2866556,,75,GOOD,1.0,False,False,unchanged,,,2026-03-24T13:17:47.690331
century21_4c5e7fbb0f02,century21,,471.0,7.0,Les Berges Du Lac,TUNIS,north,,Rent,Commercial,36.834329,10.302165,parking|chauffage central|climatisation,90,HIGH,1.5,False,False,unchanged,,,2026-03-24T13:43:53.145989
century21_4b5c2188f9db,century21,,103.0,,Jardins De Carthage,TUNIS,north,,Sale,Commercial,36.8524621,10.2964735,jardin,55,LOW,0.5,False,False,unchanged,,,2026-03-24T13:09:35.070012
century21_4e557c74b52b,century21,,300.0,6.0,Charguia,TUNIS,north,,Rent,Commercial,36.8408244,10.2052613,Open space|5 bureaux|2 blocs sanitaires|Kitchenette|Salle serveur,90,HIGH,1.5,False,False,unchanged,,,2026-03-24T13:11:31.030937
century21_4cba290f2698,century21,5000.0,530.0,,El Menzah,TUNIS,north,,Rent,Villa,36.832405,10.174527,jardin|parking,90,HIGH,1.5,False,False,unchanged,,9.43,2026-03-24T13:34:14.447448
century21_4b5c78f2f511,century21,,65.0,1.0,Ariana Ville,ARIANA,north,,Rent,Commercial,36.8650901,10.2123551,haut standing,90,HIGH,1.5,False,False,unchanged,,,2026-03-24T13:15:30.679002
century21_50f64f9a56ed,century21,,180.0,,Les Berges Du Lac,TUNIS,north,,Rent,Commercial,36.8472959,10.2744566,parking|chauffage central|climatisation,55,LOW,0.5,False,False,unchanged,,,2026-03-24T13:44:28.452909
century21_50636c9a39c7,century21,,91.0,4.0,Gammarth,TUNIS,north,,Sale,Apartment,36.9173042,10.2852532,chauffage central|climatisation,90,HIGH,1.5,False,False,unchanged,,,2026-03-24T13:01:22.167346
century21_50a847604d7c,century21,,110.0,4.0,La Soukra,ARIANA,north,,Sale,Apartment,36.8791039,10.2656209,balcony|terrace|equipped kitchen|dryer|bathroom|shower,90,HIGH,1.5,False,False,unchanged,,,2026-03-24T12:38:01.479058
century21_4f7ed59b0d73,century21,,231.0,6.0,Gammarth,TUNIS,north,,Sale,Land,36.9173042,10.2852532,piscine|jardin|parking|chauffage central|climatisation|ascenseur|terrasse,90,HIGH,1.5,False,False,unchanged,,,2026-03-24T12:42:18.629971
century21_4ee525e2ee79,century21,,192.0,3.0,Nabeul,NABEUL,north,,Sale,Villa,36.4512893,10.7356634,meuble,90,HIGH,1.5,False,False,unchanged,,,2026-03-24T12:44:05.527860
century21_50eca2e7224c,century21,,51.5,2.0,Nabeul,NABEUL,north,,Sale,Apartment,36.4512893,10.7356634,chauffage central|climatisation,90,HIGH,1.5,False,False,unchanged,,,2026-03-24T12:56:59.869197
century21_50d25f4fe096,century21,,115.0,,Jardins De Carthage,TUNIS,north,,Sale,Commercial,36.8524621,10.2964735,jardin,55,LOW,0.5,False,False,unchanged,,,2026-03-24T12:54:11.074189
century21_5076adb84682,century21,,186.0,6.0,La Marsa,TUNIS,north,,Rent,Apartment,36.868209,10.319682,parking|chauffage central|climatisation|terrasse,90,HIGH,1.5,False,False,unchanged,,,2026-03-24T13:31:30.663756
century21_501b93b327b8,century21,,110.0,4.0,Cite El Khadra,TUNIS,north,,Rent,Apartment,36.8366475,10.1948405,chauffage central|climatisation,90,HIGH,1.5,False,False,unchanged,,,2026-03-24T13:21:15.071427
century21_508fb5edc35b,century21,,800.0,6.0,La Soukra,ARIANA,north,,Rent,Villa,36.8791039,10.2656209,,75,GOOD,1.0,False,False,unchanged,,,2026-03-24T13:20:05.532715
century21_55e26d9bdc16,century21,,127.0,3.0,Ain Zaghouan,TUNIS,north,,Rent,Apartment,36.8626346,10.2866556,parking|chauffage central|climatisation|meuble,90,HIGH,1.5,False,False,unchanged,,,2026-03-24T13:10:55.029780
century21_51be6fa113ce,century21,,141.0,4.0,Les Berges Du Lac,TUNIS,north,,Rent,Apartment,36.8472959,10.2744566,parking,90,HIGH,1.5,False,False,unchanged,,,2026-03-24T13:28:28.974740
century21_550ea00e206f,century21,,200.0,4.0,Les Berges Du Lac,TUNIS,north,,Rent,Apartment,36.8472959,10.2744566,parking|meuble|chambre de service|terrasse,90,HIGH,1.5,False,False,unchanged,,,2026-03-24T13:31:03.615643
century21_50ffd55154a0,century21,,100.0,,La Soukra,ARIANA,north,,Rent,Commercial,36.8791039,10.2656209,chauffage central|climatisation|terrasse,55,LOW,0.5,False,False,unchanged,,,2026-03-24T13:43:19.317457
century21_5111d5dc5fea,century21,,120.0,3.0,Gammarth,TUNIS,north,,Sale,Apartment,36.898385,10.300732,jardin|chauffage central|climatisation|terrasse,90,HIGH,1.5,False,False,unchanged,,,2026-03-24T16:22:37.978150
century21_5175b1d86474,century21,,250.0,5.0,Carthage,TUNIS,north,,Rent,Land,36.8551087,10.3320773,jardin|parking|chauffage central|climatisation|terrasse,90,HIGH,1.5,False,False,unchanged,,,2026-03-24T13:14:38.185426
century21_53e37616a1dc,century21,1300000.0,200.0,4.0,El Menzah,ARIANA,north,,Sale,Land,36.8483853,10.1745278,jardin|parking,90,HIGH,1.5,True,False,unchanged,,6500.0,2026-03-24T12:48:37.270224
century21_55f3b1f1fcf3,century21,,100.0,,Jardins De Carthage,TUNIS,north,,Rent,Commercial,36.8524621,10.2964735,jardin|chauffage central|climatisation|meuble,55,LOW,0.5,False,False,unchanged,,,2026-03-24T13:28:23.864375
century21_539749d7e32e,century21,,144.0,4.0,La Soukra,ARIANA,north,,Sale,Apartment,36.8679869,10.2403858,terrasse,90,HIGH,1.5,False,False,unchanged,,,2026-03-24T13:06:33.204117
century21_54aaa0e8825a,century21,,168.0,,Les Berges Du Lac,TUNIS,north,,Rent,Commercial,36.8472959,10.2744566,parking|chauffage central|climatisation,55,LOW,0.5,False,False,unchanged,,,2026-03-24T13:44:22.497215
century21_5b6afc354884,century21,,285.0,5.0,La Marsa,TUNIS,north,,Rent,Apartment,36.880117,10.331673,piscine|chauffage central|climatisation|terrasse,90,HIGH,1.5,False,False,unchanged,,,2026-03-24T13:27:20.780137
century21_592c386e050b,century21,,55.0,2.0,Aouina,TUNIS,north,,Rent,Apartment,36.8598675,10.2649198,chauffage central|climatisation,90,HIGH,1.5,False,False,unchanged,,,2026-03-24T13:31:42.932197
century21_5a375f842354,century21,,500.0,5.0,La Soukra,ARIANA,north,,Sale,Villa,36.8844931,10.2554316,piscine|jardin|parking|chauffage central|climatisation,90,HIGH,1.5,False,False,unchanged,,,2026-03-24T12:56:20.071204
century21_5636634e4b21,century21,,130.0,,Les Berges Du Lac,TUNIS,north,,Rent,Commercial,36.8396823,10.2466798,parking,55,LOW,0.5,False,False,unchanged,,,2026-03-24T13:29:37.290002
century21_5633c68db875,century21,,117.0,4.0,Ain Zaghouan,TUNIS,north,,Sale,Apartment,36.859234,10.277161,parking|chauffage central|climatisation,90,HIGH,1.5,False,False,unchanged,,,2026-03-24T12:39:55.891131
century21_565a48977ba5,century21,,175.0,,La Soukra,ARIANA,north,,Sale,Commercial,36.8862706,10.2185958,haut standing|terrasse,55,LOW,0.5,False,False,unchanged,,,2026-03-24T13:02:06.064557
century21_58c425a613bd,century21,,173.0,4.0,La Marsa,TUNIS,north,,Rent,Apartment,36.8891165,10.3222671,jardin|parking|chauffage central|climatisation|terrasse,90,HIGH,1.5,False,False,unchanged,,,2026-03-24T13:22:53.989516
century21_58d5e550d7ab,century21,,75.0,2.0,La Marsa,TUNIS,north,,Rent,Apartment,36.8660009,10.3090981,parking|chauffage central|climatisation,90,HIGH,1.5,False,False,unchanged,,,2026-03-24T13:40:17.441528
century21_59cde04c053e,century21,,88.0,3.0,Ain Zaghouan,TUNIS,north,,Sale,Apartment,36.8626346,10.2866556,parking|climatisation,90,HIGH,1.5,False,False,unchanged,,,2026-03-24T13:01:46.811435
century21_5b4b94141d15,century21,,397.0,4.0,El Menzah,TUNIS,north,,Sale,Villa,36.832405,10.174527,jardin|terrasse,90,HIGH,1.5,False,False,unchanged,,,2026-03-24T12:48:43.222526
century21_5bd2ca303bbf,century21,,79.0,2.0,Jardins De Carthage,TUNIS,north,,Sale,Apartment,36.8524621,10.2964735,jardin,90,HIGH,1.5,False,False,unchanged,,,2026-03-24T16:26:37.385214
century21_61962845b5e5,century21,,151.0,3.0,El Menzah,ARIANA,north,,Sale,Apartment,36.8524946,10.1577208,Balcony|Dressings|Equipped kitchen|Dryer|Bathroom|Shower cabin,90,HIGH,1.5,False,False,unchanged,,,2026-03-24T12:55:58.061428
century21_6265d73de2d9,century21,1450.0,85.0,,El Menzah,TUNIS,north,,Rent,Commercial,36.827095,10.18384,jardin|climatisation|meuble,90,HIGH,1.5,False,False,unchanged,,17.06,2026-03-24T13:39:24.772095
century21_5f6930bea10f,century21,,500.0,7.0,La Soukra,ARIANA,north,,Sale,Land,36.8791039,10.2656209,garage,90,HIGH,1.5,False,False,unchanged,,,2026-03-24T12:49:33.127933
century21_60e51c18fffa,century21,,320.0,,El Menzah,TUNIS,north,,Sale,Villa,36.832405,10.174527,To be renovated|Close to PMF,55,LOW,0.5,False,False,unchanged,,,2026-03-24T13:00:47.331640
century21_5ce2cc2b2a07,century21,,140.0,2.0,Jardins De Carthage,TUNIS,north,,Rent,Apartment,36.8524621,10.2964735,jardin|parking|chauffage central|climatisation|terrasse,90,HIGH,1.5,False,False,unchanged,,,2026-03-24T13:15:36.620155
century21_6164bf018247,century21,,241.0,5.0,El Menzah,TUNIS,north,,Sale,Villa,36.84708,10.151694,piscine|parking|chauffage central|climatisation|terrasse,90,HIGH,1.5,False,False,unchanged,,,2026-03-24T13:08:38.358497
century21_616d0dc6d4f0,century21,,500.0,9.0,El Menzah,ARIANA,north,,Sale,Land,36.856615,10.1717264,jardin,90,HIGH,1.5,False,False,unchanged,,,2026-03-24T13:06:03.371902
century21_5f9bfd649618,century21,,55.0,,La Soukra,ARIANA,north,,Rent,Commercial,36.8791039,10.2656209,parking|climatisation|ascenseur,55,LOW,0.5,False,False,unchanged,,,2026-03-24T13:43:33.234372
century21_605a11c9849c,century21,,148.0,4.0,El Menzah,TUNIS,north,,Rent,Apartment,36.8401547,10.1773292,Balcony|Dryer|Dressing|En-suite bathroom|Bathroom|Water point,90,HIGH,1.5,False,False,unchanged,,,2026-03-24T13:21:49.668338
century21_683bdd2cc312,century21,,586.0,,Jardins De Carthage,TUNIS,north,,Sale,Land,36.8524621,10.2964735,jardin,55,LOW,0.5,False,False,unchanged,,,2026-03-24T12:37:11.410821
century21_66ed816f387a,century21,,125.0,2.0,La Soukra,ARIANA,north,,Sale,Apartment,36.8862706,10.2185958,parking|chauffage central|climatisation|terrasse,90,HIGH,1.5,False,False,unchanged,,,2026-03-24T16:22:30.690648
century21_640f193bf6cb,century21,,320.0,5.0,La Marsa,TUNIS,north,,Rent,Villa,36.8891165,10.3222671,piscine|jardin|chauffage central|climatisation,90,HIGH,1.5,False,False,unchanged,,,2026-03-24T13:41:05.800435
century21_627a3854a9b4,century21,,550.0,10.0,El Menzah,TUNIS,north,,Sale,Land,36.84708,10.151694,jardin|garage|chauffage central|climatisation|terrasse,90,HIGH,1.5,False,False,unchanged,,,2026-03-24T13:05:05.821751
century21_634063f0598a,century21,,162.0,4.0,El Menzah,ARIANA,north,,Sale,Villa,36.8491088,10.1661239,garage|terrasse,90,HIGH,1.5,False,False,unchanged,,,2026-03-24T12:39:28.763397
century21_67d2a22be7ae,century21,,152.0,3.0,Cite El Khadra,TUNIS,north,,Sale,Apartment,36.8491156,10.196942,parking|chauffage central|climatisation,90,HIGH,1.5,False,False,unchanged,,,2026-03-24T12:49:02.110205
century21_68c028a02771,century21,,293.0,5.0,La Soukra,ARIANA,north,,Sale,Villa,36.8791039,10.2656209,jardin|terrasse,90,HIGH,1.5,False,False,unchanged,,,2026-03-24T12:47:16.634515
century21_64c62b5c0537,century21,,140.0,3.0,Ain Zaghouan,TUNIS,north,,Rent,Villa,36.8626346,10.2866556,Balcony|Two bedrooms|Equipped kitchen|Bathroom,90,HIGH,1.5,False,False,unchanged,,,2026-03-24T13:13:29.140238
century21_6835a1029b1e,century21,,100.0,2.0,Ennasr,ARIANA,north,,Sale,Apartment,36.862482,10.169195,Rez-de-chaussée|Balcon|Salon|Salle à manger|2 chambres|Dressing|Cuisine équipée|Séchoir|Salle de bain|Salle d'eau invités,90,HIGH,1.5,False,False,unchanged,,,2026-03-24T16:27:46.333824
century21_66561502f479,century21,,320.0,4.0,Les Berges Du Lac,TUNIS,north,,Sale,Villa,36.8472959,10.2744566,parking|climatisation|chambre de service,90,HIGH,1.5,False,False,unchanged,,,2026-03-24T12:48:04.483891
century21_6ddd941d84b6,century21,,97.0,3.0,Jardins De Carthage,TUNIS,north,,Sale,Apartment,36.8524621,10.2964735,jardin|parking|chauffage central|climatisation,90,HIGH,1.5,False,False,unchanged,,,2026-03-24T12:42:27.300675
century21_6b303403443a,century21,,290.0,4.0,Les Berges Du Lac,TUNIS,north,,Rent,Apartment,36.8472959,10.2744566,piscine|parking|chambre de service|terrasse,90,HIGH,1.5,False,False,unchanged,,,2026-03-24T13:37:32.320611
century21_6e5906eef22c,century21,,64.0,3.0,Ennasr,ARIANA,north,,Rent,Apartment,36.864679,10.160655,climatisation,90,HIGH,1.5,False,False,unchanged,,,2026-03-24T13:13:59.403988
century21_6f8a0f16ae24,century21,1450.0,100.0,2.0,El Menzah,TUNIS,north,,Rent,Commercial,36.827095,10.18384,jardin|climatisation|meuble,100,HIGH,1.5,False,False,unchanged,,14.5,2026-03-24T13:39:32.000003
century21_6d514e90d630,century21,,250.0,,El Menzah,TUNIS,north,,Rent,Commercial,36.8219921,10.1717264,jardin,55,LOW,0.5,False,False,unchanged,,,2026-03-24T13:15:20.989791
century21_6d854c28ccad,century21,,130.0,2.0,Mnihla,ARIANA,north,,Sale,Apartment,36.8611961,10.1339164,jardin|ascenseur,90,HIGH,1.5,False,False,unchanged,,,2026-03-24T16:27:39.936179
century21_692ec1ce27af,century21,,80.0,2.0,Aouina,TUNIS,north,,Rent,Commercial,36.8598675,10.2649198,chauffage central|climatisation,90,HIGH,1.5,False,False,unchanged,,,2026-03-24T13:40:41.649683
century21_6e681489a461,century21,,200.0,3.0,El Kram,TUNIS,north,,Sale,Land,36.83332,10.3175155,chauffage central|climatisation|terrasse,90,HIGH,1.5,False,False,unchanged,,,2026-03-24T12:38:32.651111
century21_6c697f88f16a,century21,,128.0,3.0,La Soukra,ARIANA,north,,Sale,Apartment,36.8862706,10.2185958,parking|chauffage central|climatisation,90,HIGH,1.5,False,False,unchanged,,,2026-03-24T12:40:23.965724
century21_6c682d1ed2b3,century21,,40.0,,La Marsa,TUNIS,north,,Rent,Commercial,36.874035,10.318656,Local commercial|Open space|Salle d'eau|Artère principale|Forte visibilité,55,LOW,0.5,False,False,unchanged,,,2026-03-24T13:23:32.467229
century21_755a4e572bd1,century21,,250.0,4.0,Gammarth,TUNIS,north,,Rent,Villa,36.9200621,10.3069939,piscine|jardin|garage|chauffage central|climatisation|chambre de service|terrasse,90,HIGH,1.5,False,False,unchanged,,,2026-03-24T13:34:28.398914
century21_71418f16d6b7,century21,,65.0,1.0,Jardins De Carthage,TUNIS,north,,Sale,Apartment,36.8524621,10.2964735,jardin|parking|chauffage central|climatisation,90,HIGH,1.5,False,False,unchanged,,,2026-03-24T13:09:41.094716
century21_7142a9e06b2b,century21,,420.0,6.0,Jardins De Carthage,TUNIS,north,,Rent,Commercial,36.8524621,10.2964735,jardin|chauffage central|climatisation|terrasse,90,HIGH,1.5,False,False,unchanged,,,2026-03-24T13:37:39.849561
century21_74ad3c248c3a,century21,,150.0,3.0,Jardins De Carthage,TUNIS,north,,Sale,Villa,36.8524621,10.2964735,jardin|chauffage central|climatisation,90,HIGH,1.5,False,False,unchanged,,,2026-03-24T13:08:54.253594
century21_738a55465c2e,century21,,620.0,10.0,La Soukra,ARIANA,north,,Rent,Villa,36.8791039,10.2656209,piscine|jardin|garage|chauffage central|climatisation|terrasse,90,HIGH,1.5,False,False,unchanged,,,2026-03-24T13:16:32.916618
century21_72da86bac748,century21,1500.0,81.0,3.0,Cite El Khadra,TUNIS,north,,Rent,Commercial,36.8213268,10.1892279,parking|chauffage central|climatisation|ascenseur,100,HIGH,1.5,False,False,unchanged,,18.52,2026-03-24T13:30:29.012753
century21_6fd33c2263ab,century21,,50.0,2.0,Jardins D'El Menzah,ARIANA,north,,Sale,Apartment,36.8447375,10.1395169,jardin|chauffage central|climatisation|ascenseur,90,HIGH,1.5,False,False,unchanged,,,2026-03-24T12:36:21.331834
century21_715f4f05e1a8,century21,,900.0,,Bab Bhar,TUNIS,north,,Rent,Commercial,36.7969248,10.1766289,climatisation|meuble,55,LOW,0.5,False,False,unchanged,,,2026-03-24T13:11:21.375859
century21_7147c15d2ec4,century21,,90.0,3.0,El Menzah,ARIANA,north,,Rent,Apartment,36.8524946,10.1577208,Living room with balcony|Kitchen with dryer|Two bedrooms|Shower room,90,HIGH,1.5,False,False,unchanged,,,2026-03-24T13:24:19.336551
century21_754ff3689da4,century21,,160.0,4.0,La Marsa,TUNIS,north,,Rent,Apartment,36.874035,10.318656,parking|chauffage central|climatisation,90,HIGH,1.5,False,False,unchanged,,,2026-03-24T13:22:37.979459
century21_78ae1edde1b1,century21,3500.0,419.0,6.0,El Menzah,TUNIS,north,,Rent,Commercial,36.8391789,10.1577208,garage|chauffage central|climatisation,100,HIGH,1.5,False,False,unchanged,,8.35,2026-03-24T13:11:00.719862
century21_76f0d31fb910,century21,,404.0,,Menzel Temime,NABEUL,north,,Sale,Land,36.7822911,10.9863525,Vocation d'habitation|Entrée privée|Proximité de la mer,55,LOW,0.5,False,False,unchanged,,,2026-03-24T13:08:26.486142
century21_789146430df3,century21,,67.0,2.0,Nabeul,NABEUL,north,,Sale,Apartment,36.4420874,10.6944554,Living room|Equipped kitchen|Bedroom|Bathroom,90,HIGH,1.5,False,False,unchanged,,,2026-03-24T12:38:25.024811
century21_76c858e7fd9f,century21,,103.0,2.0,Cite El Khadra,TUNIS,north,,Rent,Commercial,36.8304736,10.196942,parking,90,HIGH,1.5,False,False,unchanged,,,2026-03-24T13:29:19.338517
century21_787c22963e1a,century21,,160.0,,La Soukra,ARIANA,north,,Sale,Land,36.8679869,10.2403858,terrasse,55,LOW,0.5,False,False,unchanged,,,2026-03-24T12:47:08.421621
century21_778bb258cbd3,century21,,144.0,3.0,Mannouba,MANNOUBA,,,Sale,Villa,36.8093284,10.0863269,terrasse,90,HIGH,1.5,False,False,unchanged,,,2026-03-24T12:52:56.121986
century21_75ab39b53f3f,century21,,284.0,3.0,La Soukra,ARIANA,north,,Sale,Villa,36.882768,10.3156812,jardin|garage|chauffage central|climatisation|terrasse,90,HIGH,1.5,False,False,unchanged,,,2026-03-24T13:07:08.984694
century21_781d74614b9f,century21,,189.0,4.0,Les Berges Du Lac,TUNIS,north,,Sale,Commercial,36.8472959,10.2744566,parking|chauffage central|climatisation,90,HIGH,1.5,False,False,unchanged,,,2026-03-24T16:25:42.336500
century21_757cc4888649,century21,3500.0,160.0,3.0,Les Berges Du Lac,TUNIS,north,,Rent,Commercial,36.8472959,10.2744566,parking|climatisation,100,HIGH,1.5,False,False,unchanged,,21.88,2026-03-24T13:22:24.828050
century21_756e82d9bb3b,century21,,80.0,2.0,Raoued,ARIANA,north,,Sale,Apartment,36.9487824,10.1983431,vue mer|terrasse,90,HIGH,1.5,False,False,unchanged,,,2026-03-24T16:24:59.970337
century21_7935bd52e199,century21,,70.0,,La Soukra,ARIANA,north,,Rent,Commercial,36.8791039,10.2656209,Ground floor|Strategic location|Good visibility|Easy access,55,LOW,0.5,False,False,unchanged,,,2026-03-24T13:23:13.997449
century21_7c7f2091cc8a,century21,,285.0,4.0,Gammarth,TUNIS,north,,Rent,Villa,36.8923669,10.3119038,piscine|parking|chauffage central|climatisation|chambre de service,90,HIGH,1.5,False,False,unchanged,,,2026-03-24T13:30:56.909564
century21_7c20e31eae96,century21,20000.0,153.0,4.0,Jardins De Carthage,TUNIS,north,,Sale,Apartment,36.8524621,10.2964735,jardin|parking,100,HIGH,1.5,False,False,unchanged,,130.72,2026-03-24T16:22:59.260013
century21_7a688ba5a493,century21,,135.0,3.0,La Marsa,TUNIS,north,,Rent,Villa,36.882768,10.3156812,jardin|garage|chauffage central|climatisation|meuble,90,HIGH,1.5,False,False,unchanged,,,2026-03-24T13:36:02.224900
century21_7ae50c871d49,century21,,1100.0,9.0,El Menzah,ARIANA,north,,Sale,Land,36.8524946,10.1577208,Three levels|Large volumes|Ideal for complete restructuring|Prestige residence,90,HIGH,1.5,False,False,unchanged,,,2026-03-24T12:58:20.679196
century21_796a61586351,century21,,500.0,4.0,La Soukra,ARIANA,north,,Sale,Villa,36.8679869,10.2403858,piscine|jardin|parking|terrasse,90,HIGH,1.5,False,False,unchanged,,,2026-03-24T12:57:27.367486
century21_797d3289a1bd,century21,,85.0,3.0,Bab Bhar,TUNIS,north,,Rent,Commercial,36.811319,10.180595,Reception hall|Three rooms|Water point|Kitchenette,90,HIGH,1.5,False,False,unchanged,,,2026-03-24T13:29:05.186822
century21_7a3cb91b277d,century21,,250.0,5.0,La Soukra,ARIANA,north,,Sale,Land,36.8791039,10.2656209,piscine|jardin|parking|terrasse,90,HIGH,1.5,False,False,unchanged,,,2026-03-24T12:35:35.272105
century21_79c05035778c,century21,,150.0,3.0,Les Berges Du Lac,TUNIS,north,,Sale,Apartment,36.8396823,10.2466798,parking,90,HIGH,1.5,False,False,unchanged,,,2026-03-24T16:28:34.753475
century21_7cbe93a685ef,century21,,200.0,5.0,Jardins De Carthage,TUNIS,north,,Rent,Villa,36.8524621,10.2964735,jardin|garage|parking|chauffage central|climatisation|terrasse,90,HIGH,1.5,False,False,unchanged,,,2026-03-24T13:30:44.190753
century21_7cd1268382a3,century21,,95.0,,Les Berges Du Lac,TUNIS,north,,Rent,Commercial,36.8472959,10.2744566,parking|chauffage central|climatisation|meuble,55,LOW,0.5,False,False,unchanged,,,2026-03-24T13:34:56.253558
century21_7f9b6500d0f0,century21,,300.0,6.0,El Menzah,ARIANA,north,,Rent,Commercial,36.8491088,10.1661239,garage,90,HIGH,1.5,False,False,unchanged,,,2026-03-24T13:41:44.053389
century21_7de5971479c9,century21,,103.0,2.0,Nabeul,NABEUL,north,,Sale,Apartment,36.4371103,10.7069688,chauffage central|climatisation,90,HIGH,1.5,False,False,unchanged,,,2026-03-24T12:58:00.399890
century21_7d9fd3df44af,century21,,200.0,,Cite El Khadra,TUNIS,north,,Rent,Commercial,36.8304736,10.196942,parking|chauffage central|climatisation,55,LOW,0.5,False,False,unchanged,,,2026-03-24T13:24:12.947471
century21_7cc3b9e29c06,century21,425000.0,103.0,3.0,La Soukra,ARIANA,north,,Sale,Apartment,36.8862706,10.2185958,jardin|parking|chauffage central|climatisation|terrasse,100,HIGH,1.5,False,False,unchanged,,4126.21,2026-03-24T13:09:09.895065
century21_7d00b3666184,century21,,120.0,2.0,Nabeul,NABEUL,north,,Sale,Apartment,36.4420874,10.6944554,piscine|parking|chauffage central|climatisation|terrasse,90,HIGH,1.5,False,False,unchanged,,,2026-03-24T13:09:47.365699
century21_7f914016776d,century21,,987.0,,Korba,NABEUL,north,,Sale,Land,36.5806067,10.8620804,Terrain pieds dans l'eau|987 m²|Vocation: Animation et loisirs|Titre foncier individuel,55,LOW,0.5,False,False,unchanged,,,2026-03-24T13:05:51.027643
century21_7ec361936ec1,century21,,137.0,4.0,Ariana Ville,ARIANA,north,,Sale,Apartment,36.8805752,10.1717264,parking,90,HIGH,1.5,False,False,unchanged,,,2026-03-24T12:35:05.249770
century21_7f0a5399e2b4,century21,,101.0,4.0,Ain Zaghouan,TUNIS,north,Zaghouan,Sale,Villa,36.4025,10.1431,garage|chambre de service|terrasse,95,HIGH,1.5,False,False,unchanged,,,2026-03-24T12:42:33.788175
century21_7dd43c0df833,century21,,63.0,,Ennasr,ARIANA,north,,Rent,Commercial,36.862482,10.169195,open space|point d'eau|pièce,55,LOW,0.5,False,False,unchanged,,,2026-03-24T13:46:44.758457
century21_815677f09b1d,century21,,170.0,2.0,La Marsa,TUNIS,north,,Rent,Apartment,36.8660009,10.3090981,piscine|parking|chauffage central|climatisation,90,HIGH,1.5,False,False,unchanged,,,2026-03-24T13:42:30.037648
century21_82d0cde74c9a,century21,,170.0,3.0,Jardins De Carthage,TUNIS,north,,Sale,Apartment,36.8524621,10.2964735,jardin|parking|chauffage central|climatisation|terrasse,90,HIGH,1.5,False,False,unchanged,,,2026-03-24T12:46:41.186498
century21_839d3b3c6d14,century21,,180.0,5.0,La Marsa,TUNIS,north,,Rent,Commercial,36.8660009,10.3090981,parking|chauffage central|climatisation,90,HIGH,1.5,False,False,unchanged,,,2026-03-24T13:28:42.791793
century21_80abfd0d2296,century21,,230.0,4.0,Carthage,TUNIS,north,,Rent,Commercial,36.8606601,10.3245306,piscine|jardin|terrasse,90,HIGH,1.5,False,False,unchanged,,,2026-03-24T13:18:05.244196
century21_834d120ea15d,century21,,500.0,,La Soukra,ARIANA,north,,Sale,Land,36.8844931,10.2554316,vocation R+2,55,LOW,0.5,False,False,unchanged,,,2026-03-24T13:08:12.523632
century21_8031726f1280,century21,,200.0,,El Menzah,TUNIS,north,,Rent,Commercial,36.8396719,10.1829325,hall|pièces|salle d'eau|kitchenette,55,LOW,0.5,False,False,unchanged,,,2026-03-24T13:33:40.390909
century21_83af5afe2ea1,century21,,85.0,1.0,Jardins De Carthage,TUNIS,north,,Rent,Apartment,36.8524621,10.2964735,jardin|chauffage central|climatisation,90,HIGH,1.5,False,False,unchanged,,,2026-03-24T13:27:06.561019
century21_82b6456a563a,century21,,352.0,,Menzel Temime,NABEUL,north,,Sale,Land,36.7822911,10.9863525,façade de 18m sur route principale|vocation d'habitation,55,LOW,0.5,False,False,unchanged,,,2026-03-24T13:08:31.771823
century21_81bf62316cc6,century21,,900.0,8.0,Sidi Thabet,ARIANA,north,,Sale,Land,36.8945542,10.0863269,haut standing|piscine|jardin|garage|chambre de service,90,HIGH,1.5,False,False,unchanged,,,2026-03-24T12:57:34.318529
century21_817792fa4c7e,century21,,330.0,4.0,Cité Mahrajène,TUNIS,north,,Rent,Villa,36.832989,10.16319,haut standing|parking|chauffage central|climatisation|terrasse,90,HIGH,1.5,False,False,unchanged,,,2026-03-24T13:20:24.997926
century21_86396b55ebe2,century21,,78.0,1.0,El Menzah,TUNIS,north,,Rent,Commercial,36.827095,10.18384,jardin,90,HIGH,1.5,False,False,unchanged,,,2026-03-24T13:20:42.706834
century21_85675cfd030e,century21,,143.0,4.0,La Marsa,TUNIS,north,,Rent,Villa,36.874035,10.318656,chauffage central|climatisation|chambre de service,90,HIGH,1.5,False,False,unchanged,,,2026-03-24T13:26:12.661552
century21_8489febc2177,century21,,230.0,3.0,La Soukra,ARIANA,north,,Sale,Land,36.8791039,10.2656209,piscine|jardin|garage|chauffage central|climatisation,90,HIGH,1.5,False,False,unchanged,,,2026-03-24T13:02:23.615026
century21_8876bac772a4,century21,,70.0,1.0,Jardins De Carthage,TUNIS,north,,Rent,Apartment,36.8524621,10.2964735,jardin|parking|chauffage central|climatisation,90,HIGH,1.5,False,False,unchanged,,,2026-03-24T13:15:48.772781
century21_863cb3c3f707,century21,,73.0,,Ain Zaghouan,TUNIS,north,,Rent,Commercial,36.8626346,10.2866556,Point d'eau|Façade de 3 mètres|Excellente visibilité|Emplacement stratégique,55,LOW,0.5,False,False,unchanged,,,2026-03-24T13:22:18.399906
century21_8717e34abd61,century21,,140.0,2.0,Jardins De Carthage,TUNIS,north,,Rent,Villa,36.8524621,10.2964735,jardin|parking,90,HIGH,1.5,False,False,unchanged,,,2026-03-24T13:30:05.780490
century21_87563288e275,century21,,180.0,4.0,Jardins De Carthage,TUNIS,north,,Rent,Apartment,36.8524621,10.2964735,jardin|parking|chauffage central|climatisation,90,HIGH,1.5,False,False,unchanged,,,2026-03-24T13:17:18.459777
century21_87de32be35fe,century21,,113.0,3.0,El Menzah,ARIANA,north,,Sale,Apartment,36.84708,10.151694,ascenseur,90,HIGH,1.5,False,False,unchanged,,,2026-03-24T12:57:07.517734
century21_8631fc65b90e,century21,,90.0,3.0,El Menzah,ARIANA,north,,Rent,Apartment,36.8483853,10.1745278,meuble,90,HIGH,1.5,False,False,unchanged,,,2026-03-24T13:28:16.740478
century21_86942b73fbcf,century21,,166.0,4.0,Mnihla,ARIANA,north,,Sale,Apartment,36.8611961,10.1339164,jardin|parking|chauffage central|climatisation|terrasse,90,HIGH,1.5,False,False,unchanged,,,2026-03-24T12:40:16.391804
century21_8c94c982120f,century21,,110.0,2.0,La Soukra,ARIANA,north,,Sale,Apartment,36.8645031,10.2721983,parking|chauffage central|climatisation,90,HIGH,1.5,False,False,unchanged,,,2026-03-24T12:35:28.046806
century21_8aa08f52aae1,century21,,75.0,,El Menzah,ARIANA,north,,Rent,Commercial,36.8524946,10.1577208,meuble,55,LOW,0.5,False,False,unchanged,,,2026-03-24T13:42:16.048127
century21_8b582faccb74,century21,,144.0,3.0,Nabeul,NABEUL,north,,Sale,Apartment,36.4420874,10.6944554,piscine|parking|chauffage central|climatisation|vue mer,90,HIGH,1.5,False,False,unchanged,,,2026-03-24T12:45:26.192253
century21_8ca1d302691c,century21,,80.0,,Les Berges Du Lac,TUNIS,north,,Rent,Commercial,36.8472959,10.2744566,Double height|High visibility,55,LOW,0.5,False,False,unchanged,,,2026-03-24T13:15:42.445118
century21_8f341ed5e892,century21,,800.0,6.0,La Soukra,ARIANA,north,,Sale,Land,36.8791039,10.2656209,piscine|jardin|garage,90,HIGH,1.5,False,False,unchanged,,,2026-03-24T12:53:02.272957
century21_8b99df5e2408,century21,,560.0,5.0,La Marsa,TUNIS,north,,Rent,Villa,36.868209,10.319682,haut standing|piscine|jardin|garage|chambre de service,90,HIGH,1.5,False,False,unchanged,,,2026-03-24T13:43:27.804467
century21_8f3d937612a6,century21,,180.0,4.0,La Soukra,ARIANA,north,,Rent,Villa,36.8791039,10.2656209,piscine|jardin|parking|chauffage central|climatisation,90,HIGH,1.5,False,False,unchanged,,,2026-03-24T13:45:53.083936
century21_8a90b246d2de,century21,,75.0,2.0,Nabeul,NABEUL,north,,Rent,Villa,36.4420874,10.6944554,piscine|parking|chauffage central|climatisation|terrasse,90,HIGH,1.5,False,False,unchanged,,,2026-03-24T13:33:21.937306
century21_904e83b8948a,century21,,197.0,4.0,Gammarth,TUNIS,north,,Sale,Apartment,36.898385,10.300732,jardin|parking|chauffage central|climatisation|terrasse,90,HIGH,1.5,False,False,unchanged,,,2026-03-24T12:48:12.130193
century21_89b010eb2368,century21,,84.0,2.0,Sousse Ville,SOUSSE,east,,Rent,Commercial,35.8353904,10.6364493,terrasse,90,HIGH,1.5,False,False,unchanged,,,2026-03-24T13:38:12.907854
century21_94da036c3ec1,century21,,400.0,5.0,La Marsa,TUNIS,north,,Rent,Villa,36.868209,10.319682,equipped kitchen|four bedrooms|living room|two bathrooms|two guest bathrooms|cellar|garage for two cars,90,HIGH,1.5,False,False,unchanged,,,2026-03-24T13:21:27.859026
century21_963d778f6aac,century21,,140.0,4.0,Cite El Khadra,TUNIS,north,,Rent,Commercial,36.8491156,10.196942,jardin|parking|chauffage central|climatisation,90,HIGH,1.5,False,False,unchanged,,,2026-03-24T13:22:31.538827
century21_95273a01f9ee,century21,,295.0,5.0,La Soukra,ARIANA,north,,Sale,Land,36.8862706,10.2185958,piscine|jardin|parking,90,HIGH,1.5,False,False,unchanged,,,2026-03-24T13:01:53.017891
century21_91da7da468e0,century21,,120.0,3.0,Les Berges Du Lac,TUNIS,north,,Rent,Commercial,36.8396823,10.2466798,parking,90,HIGH,1.5,False,False,unchanged,,,2026-03-24T13:37:51.247124
century21_92e6ed659740,century21,,130.0,3.0,Ariana Ville,ARIANA,north,,Sale,Apartment,36.866939,10.191911,ascenseur,90,HIGH,1.5,False,False,unchanged,,,2026-03-24T12:47:23.873816
century21_96d230cd3f3a,century21,,390.0,4.0,El Menzah,TUNIS,north,,Sale,Land,36.827095,10.18384,jardin|parking|terrasse,90,HIGH,1.5,False,False,unchanged,,,2026-03-24T12:35:15.035677
century21_954fd78ff3d7,century21,,130.0,3.0,Jardins De Carthage,TUNIS,north,,Rent,Apartment,36.8524621,10.2964735,jardin|parking|climatisation|terrasse,90,HIGH,1.5,False,False,unchanged,,,2026-03-24T13:14:32.675080
century21_946f90390547,century21,,100.0,,Nabeul,NABEUL,north,,Sale,Commercial,36.4512893,10.7356634,terrasse,55,LOW,0.5,False,False,unchanged,,,2026-03-24T13:08:59.150180
century21_958abcf541a6,century21,,160.0,2.0,Jardins De Carthage,TUNIS,north,,Rent,Apartment,36.8524621,10.2964735,jardin|parking|chauffage central|climatisation|meuble|terrasse,90,HIGH,1.5,False,False,unchanged,,,2026-03-24T13:29:30.678525
century21_96acb2681314,century21,,183.0,4.0,Jardins De Carthage,TUNIS,north,,Sale,Apartment,36.8524621,10.2964735,jardin|parking|chauffage central|climatisation,90,HIGH,1.5,False,False,unchanged,,,2026-03-24T12:57:55.186330
century21_99717a3e0ca6,century21,,220.0,6.0,Les Berges Du Lac,TUNIS,north,,Rent,Commercial,36.8472959,10.2744566,parking|climatisation,90,HIGH,1.5,False,False,unchanged,,,2026-03-24T13:31:25.047619
century21_9b5af356af02,century21,,94.0,2.0,Nabeul,NABEUL,north,,Sale,Apartment,36.4420874,10.6944554,terrasse,90,HIGH,1.5,False,False,unchanged,,,2026-03-24T12:41:19.923409
century21_98a67292a7cd,century21,,100.0,3.0,Aouina,TUNIS,north,,Sale,Apartment,36.8598675,10.2649198,parking,90,HIGH,1.5,False,False,unchanged,,,2026-03-24T16:24:52.801993
century21_99beb569ad38,century21,,90.0,3.0,Jardins De Carthage,TUNIS,north,,Rent,Apartment,36.8524621,10.2964735,jardin|parking,90,HIGH,1.5,False,False,unchanged,,,2026-03-24T13:41:00.671092
century21_9af68797b295,century21,1350.0,61.0,2.0,El Menzah,TUNIS,north,,Rent,Commercial,36.827095,10.18384,jardin|climatisation|meuble,100,HIGH,1.5,False,False,unchanged,,22.13,2026-03-24T13:39:54.930761
century21_972f52ed789f,century21,,92.0,,El Menzah,ARIANA,north,,Rent,Commercial,36.8524946,10.1577208,commercial space|activities prohibited: restaurant and café,55,LOW,0.5,False,False,unchanged,,,2026-03-24T13:42:10.322450
century21_992cedccc482,century21,,157.0,,La Soukra,ARIANA,north,,Sale,Commercial,36.8645031,10.2721983,Suitable for any commercial activity,55,LOW,0.5,False,False,unchanged,,,2026-03-24T12:50:06.754812
century21_9a1bc93ebfc2,century21,,170.0,3.0,Ain Zaghouan,TUNIS,north,,Sale,Apartment,36.8626346,10.2866556,parking|chauffage central|climatisation,90,HIGH,1.5,False,False,unchanged,,,2026-03-24T12:59:08.939397
century21_9b8b71718aec,century21,,120.0,3.0,Hammamet,NABEUL,north,,Rent,Villa,36.423701,10.6663318,jardin|meuble,90,HIGH,1.5,False,False,unchanged,,,2026-03-24T13:26:46.114657
century21_99958910d407,century21,,220.0,5.0,La Marsa,TUNIS,north,,Rent,Apartment,36.8866832,10.3316545,parking|chauffage central|climatisation|vue mer|terrasse,90,HIGH,1.5,False,False,unchanged,,,2026-03-24T13:25:26.841698
century21_a1a09a825273,century21,,70.0,1.0,Jardins De Carthage,TUNIS,north,,Sale,Apartment,36.8524621,10.2964735,jardin|parking|chauffage central|climatisation,90,HIGH,1.5,False,False,unchanged,,,2026-03-24T13:01:29.041284
century21_9bd71bf6fbb7,century21,,126.0,,Bab Bhar,TUNIS,north,,Rent,Commercial,36.8154575,10.1857342,parking|chauffage central|climatisation,55,LOW,0.5,False,False,unchanged,,,2026-03-24T13:27:12.673415
century21_9d34722db65a,century21,,274.0,3.0,Jardins D'El Menzah,ARIANA,north,,Sale,Villa,36.8611961,10.1339164,jardin|garage|chauffage central|climatisation,90,HIGH,1.5,False,False,unchanged,,,2026-03-24T12:42:40.161314
century21_9c63963d046c,century21,,91.0,3.0,Nabeul,NABEUL,north,,Sale,Apartment,36.4420874,10.6944554,parking|chauffage central|climatisation,90,HIGH,1.5,False,False,unchanged,,,2026-03-24T12:59:56.320804
century21_a06a868f83c9,century21,,151.0,3.0,El Menzah,ARIANA,north,,Sale,Apartment,36.856615,10.1717264,garage,90,HIGH,1.5,False,False,unchanged,,,2026-03-24T13:04:19.204827
century21_a07191c60838,century21,,51.0,2.0,El Menzah,ARIANA,north,,Rent,Apartment,36.8524946,10.1577208,Equipped kitchen|Bathroom,90,HIGH,1.5,False,False,unchanged,,,2026-03-24T13:19:16.482872
century21_9d6f9eaf4122,century21,,240.0,4.0,Megrine,BEN AROUS,north,,Sale,Villa,36.7648258,10.2473948,jardin|parking|chauffage central|climatisation,90,HIGH,1.5,False,False,unchanged,,,2026-03-24T12:45:01.376212
century21_a009a6e3ead9,century21,,104.0,2.0,Nabeul,NABEUL,north,,Sale,Apartment,36.4420874,10.6944554,haut standing|piscine|terrasse,90,HIGH,1.5,False,False,unchanged,,,2026-03-24T13:02:47.794181
century21_9bbc7470bfb3,century21,,107.0,2.0,Nabeul,NABEUL,north,,Sale,Apartment,36.4420874,10.6944554,chauffage central|climatisation|terrasse,90,HIGH,1.5,False,False,unchanged,,,2026-03-24T12:40:45.821154
century21_9ea4d1e31d61,century21,,180.0,2.0,Hammamet,NABEUL,north,,Sale,Villa,36.4040068,10.5689948,jardin|parking|terrasse,90,HIGH,1.5,False,False,unchanged,,,2026-03-24T16:24:02.101741
century21_a7e8f40ae690,century21,,75.0,,Ain Zaghouan,TUNIS,north,,Rent,Commercial,36.8626346,10.2866556,Double height|High commercial traffic area,55,LOW,0.5,False,False,unchanged,,,2026-03-24T13:16:40.556042
century21_a374c68a9bde,century21,,250.0,5.0,Les Berges Du Lac,TUNIS,north,,Rent,Apartment,36.8472959,10.2744566,jardin|parking|chauffage central|climatisation|chambre de service,90,HIGH,1.5,False,False,unchanged,,,2026-03-24T13:42:36.039800
century21_a52669764594,century21,,97.0,2.0,Ariana Ville,ARIANA,north,,Rent,Commercial,36.8549235,10.1836329,Hall|Two bright rooms|Bathroom|Kitchenette,90,HIGH,1.5,False,False,unchanged,,,2026-03-24T13:25:19.297969
century21_a57cf79f7989,century21,,80.0,,Ennasr,ARIANA,north,,Rent,Commercial,36.862482,10.169195,chauffage central|climatisation,55,LOW,0.5,False,False,unchanged,,,2026-03-24T13:44:54.934449
century21_a4cd98821e4d,century21,,150.0,4.0,Ain Zaghouan,TUNIS,north,,Sale,Villa,36.859234,10.277161,parking|chauffage central|climatisation,90,HIGH,1.5,False,False,unchanged,,,2026-03-24T12:35:48.844961
century21_a4fafc08c751,century21,,100.0,3.0,Hammam Sousse,SOUSSE,east,,Rent,Apartment,35.8864,10.5915,terrasse,90,HIGH,1.5,False,False,unchanged,,,2026-03-24T13:39:43.600918
century21_a1c179145a7d,century21,,180.0,4.0,Mnihla,ARIANA,north,,Sale,Apartment,36.8447375,10.1395169,jardin|parking|chauffage central|ascenseur,90,HIGH,1.5,False,False,unchanged,,,2026-03-24T16:26:13.527627
century21_a23998b12c08,century21,,124.0,3.0,La Marsa,TUNIS,north,,Rent,Apartment,36.882638,10.33051,parking,90,HIGH,1.5,False,False,unchanged,,,2026-03-24T13:45:24.581325
century21_a5b93b9d14bf,century21,,138.0,3.0,Ain Zaghouan,TUNIS,north,,Sale,Apartment,36.859234,10.277161,jardin|parking|climatisation,90,HIGH,1.5,False,False,unchanged,,,2026-03-24T13:03:48.990864
century21_a31b48686fd2,century21,,599.0,9.0,El Menzah,ARIANA,north,,Sale,Land,36.84708,10.151694,garage|chauffage central|climatisation|terrasse,90,HIGH,1.5,False,False,unchanged,,,2026-03-24T12:54:56.173181
century21_ab6cd2a478c7,century21,,400.0,7.0,El Menzah,ARIANA,north,,Sale,Land,36.8491088,10.1661239,piscine|jardin,90,HIGH,1.5,False,False,unchanged,,,2026-03-24T13:07:45.874505
century21_addf8c287b09,century21,,100.0,3.0,La Marsa,TUNIS,north,,Rent,Apartment,36.8891165,10.3222671,terrasse,90,HIGH,1.5,False,False,unchanged,,,2026-03-24T13:24:44.566158
century21_ab82ea90c784,century21,,289.0,5.0,La Soukra,ARIANA,north,,Sale,Villa,36.8654419,10.2603873,piscine|parking|chauffage central|climatisation|ascenseur|terrasse,90,HIGH,1.5,False,False,unchanged,,,2026-03-24T12:58:32.572137
century21_ae1bc8fb8a13,century21,,120.0,3.0,Jardins De Carthage,TUNIS,north,,Rent,Apartment,36.8524621,10.2964735,jardin|parking|chauffage central|climatisation,90,HIGH,1.5,False,False,unchanged,,,2026-03-24T13:18:43.784385
century21_ad5a47137725,century21,,110.0,3.0,La Soukra,ARIANA,north,,Rent,Apartment,36.8791039,10.2656209,parking,90,HIGH,1.5,False,False,unchanged,,,2026-03-24T13:26:01.123251
century21_ac31f05e19b3,century21,,100.0,4.0,El Menzah,TUNIS,north,,Sale,Commercial,36.8401547,10.1773292,Bright living room|Balcony|Dining room|Equipped kitchen|Guest bathroom|Two spacious bedrooms|Common bathroom,90,HIGH,1.5,False,False,unchanged,,,2026-03-24T12:53:49.807573
century21_a980f894b5a4,century21,,220.0,4.0,La Marsa,TUNIS,north,,Rent,Apartment,36.8899827,10.3224313,jardin|chauffage central|climatisation|chambre de service|terrasse,90,HIGH,1.5,False,False,unchanged,,,2026-03-24T13:38:05.426618
century21_a8b0eb51e79f,century21,,331.0,,Bab Bhar,TUNIS,north,,Rent,Commercial,36.811319,10.180595,parking|climatisation|meuble|terrasse,55,LOW,0.5,False,False,unchanged,,,2026-03-24T13:26:39.019455
century21_a9d04213f7a8,century21,,200.0,4.0,Gammarth,TUNIS,north,,Rent,Villa,36.9173042,10.2852532,jardin|chauffage central|climatisation|meuble|chambre de service,90,HIGH,1.5,False,False,unchanged,,,2026-03-24T13:10:15.460249
century21_ae400a4c8edd,century21,,127.0,3.0,Ain Zaghouan,TUNIS,north,,Sale,Apartment,36.859234,10.277161,parking,90,HIGH,1.5,False,False,unchanged,,,2026-03-24T12:48:19.822809
century21_b1676b1d46e9,century21,,60.0,2.0,El Menzah,ARIANA,north,,Rent,Apartment,36.84708,10.151694,parking|chauffage central|climatisation,90,HIGH,1.5,False,False,unchanged,,,2026-03-24T13:46:04.362187
century21_af1b7b12d9fc,century21,,50.0,,El Menzah,TUNIS,north,,Rent,Commercial,36.832405,10.174527,Mezzanine|Water Point|Kitchenette,55,LOW,0.5,False,False,unchanged,,,2026-03-24T13:33:16.765192
century21_afb0b252cb12,century21,,226.0,4.0,La Soukra,ARIANA,north,,Sale,Villa,36.8885571,10.2318816,jardin|chauffage central|climatisation|chambre de service,90,HIGH,1.5,False,False,unchanged,,,2026-03-24T13:03:55.869547
century21_b0eb189339f8,century21,,180.0,4.0,Nabeul,NABEUL,north,,Sale,Villa,36.4512893,10.7356634,piscine|parking|chauffage central,90,HIGH,1.5,False,False,unchanged,,,2026-03-24T12:40:53.422624
century21_b03de67292c5,century21,,100.0,,Bab Bhar,TUNIS,north,,Rent,Commercial,36.8154575,10.1857342,ascenseur,55,LOW,0.5,False,False,unchanged,,,2026-03-24T13:32:14.907501
century21_b15db367220b,century21,,130.0,3.0,Jardins De Carthage,TUNIS,north,,Rent,Apartment,36.8524621,10.2964735,jardin|parking|chauffage central|climatisation,90,HIGH,1.5,False,False,unchanged,,,2026-03-24T13:36:20.336922
century21_b09359734e9a,century21,,104.0,4.0,El Menzah,TUNIS,north,,Sale,Apartment,36.8391789,10.1577208,parking,90,HIGH,1.5,False,False,unchanged,,,2026-03-24T12:55:51.587819
century21_b193ec1b84d6,century21,,420.0,4.0,La Marsa,TUNIS,north,,Sale,Villa,36.8900683,10.3032483,piscine|jardin|garage|chauffage central,90,HIGH,1.5,False,False,unchanged,,,2026-03-24T12:57:19.427422
century21_afbba0d454ff,century21,,130.0,4.0,La Marsa,TUNIS,north,,Sale,Villa,36.882768,10.3156812,jardin|garage|chauffage central|climatisation|terrasse,90,HIGH,1.5,False,False,unchanged,,,2026-03-24T12:37:19.156938
century21_ae954f4eb4cc,century21,,100.0,2.0,Jardins De Carthage,TUNIS,north,,Rent,Apartment,36.8524621,10.2964735,jardin|parking|chauffage central|climatisation,90,HIGH,1.5,False,False,unchanged,,,2026-03-24T13:23:56.839423
century21_b71bfd12715b,century21,,185.0,4.0,Ain Zaghouan,TUNIS,north,,Rent,Apartment,36.8626346,10.2866556,parking|chauffage central|climatisation,90,HIGH,1.5,False,False,unchanged,,,2026-03-24T13:32:51.680587
century21_b4960182fc3f,century21,,80.0,4.0,Bab Bhar,TUNIS,north,,Rent,Commercial,36.8186044,10.1801308,jardin|parking|chauffage central,90,HIGH,1.5,False,False,unchanged,,,2026-03-24T13:17:30.521774
century21_b37375d81cc4,century21,,35.0,,El Menzah,ARIANA,north,,Sale,Commercial,36.856615,10.1717264,strategic location|high pedestrian traffic,55,LOW,0.5,False,False,unchanged,,,2026-03-24T13:07:02.310217
century21_b45fd5a9d3f4,century21,,320.0,4.0,Jardins De Carthage,TUNIS,north,,Rent,Apartment,36.8524621,10.2964735,jardin|parking|chauffage central|climatisation|terrasse,90,HIGH,1.5,False,False,unchanged,,,2026-03-24T13:20:11.759634
century21_b6babd94baa1,century21,,185.0,3.0,Cite El Khadra,TUNIS,north,,Rent,Commercial,36.8491156,10.196942,parking|chauffage central|climatisation,90,HIGH,1.5,False,False,unchanged,,,2026-03-24T13:26:05.872150
century21_b6f8fced0fd5,century21,,1786.0,,Menzel Temime,NABEUL,north,,Sale,Land,36.7822911,10.9863525,Individual title|Residential vocation,55,LOW,0.5,False,False,unchanged,,,2026-03-24T12:46:48.022854
century21_b36d9194b10a,century21,,100.0,3.0,Les Berges Du Lac,TUNIS,north,,Rent,Apartment,36.8472959,10.2744566,parking,90,HIGH,1.5,False,False,unchanged,,,2026-03-24T13:32:07.348176
century21_b48f2079acdb,century21,,198.0,4.0,Ennasr,ARIANA,north,,Sale,Apartment,36.864679,10.160655,jardin|parking|chauffage central|climatisation|terrasse,90,HIGH,1.5,False,False,unchanged,,,2026-03-24T16:26:55.938045
century21_b3643df3f7b0,century21,,50.0,,El Menzah,ARIANA,north,,Rent,Commercial,36.8483853,10.1745278,parking,55,LOW,0.5,False,False,unchanged,,,2026-03-24T13:10:09.587758
century21_b72f877d814c,century21,,155.0,3.0,Gammarth,TUNIS,north,,Sale,Apartment,36.898385,10.300732,Living room|Equipped kitchen with dryer|Master suite with dressing and bathroom|Two bedrooms|Bathroom,90,HIGH,1.5,False,False,unchanged,,,2026-03-24T16:25:07.284296
century21_bc69bf86fbce,century21,,188.0,,La Marsa,TUNIS,north,,Rent,Commercial,36.8891165,10.3222671,terrasse,55,LOW,0.5,False,False,unchanged,,,2026-03-24T13:37:44.442537
century21_bd763bd2bef0,century21,,70.0,1.0,Aouina,TUNIS,north,,Sale,Apartment,36.8598675,10.2649198,Living room with balcony|Bedroom|Equipped kitchen|Bathroom,90,HIGH,1.5,False,False,unchanged,,,2026-03-24T16:24:48.477024
century21_ba2192d89882,century21,,130.0,3.0,Charguia,TUNIS,north,,Rent,Commercial,36.8549252,10.2067501,parking|chauffage central|climatisation|ascenseur,90,HIGH,1.5,False,False,unchanged,,,2026-03-24T13:23:19.501634
century21_b92f0a6641b9,century21,,157.0,,La Soukra,ARIANA,north,,Rent,Commercial,36.8645031,10.2721983,All activities possible,55,LOW,0.5,False,False,unchanged,,,2026-03-24T13:28:04.192312
century21_b9e77cf616bb,century21,,400.0,,El Menzah,ARIANA,north,,Rent,Commercial,36.84708,10.151694,jardin|garage|terrasse,55,LOW,0.5,False,False,unchanged,,,2026-03-24T13:18:50.524720
century21_b9546f8655f7,century21,,63.0,2.0,Aouina,TUNIS,north,,Rent,Apartment,36.8556514,10.2557635,parking|chauffage central|climatisation,90,HIGH,1.5,False,False,unchanged,,,2026-03-24T13:31:36.070454
century21_bac3293f441b,century21,,100.0,3.0,La Soukra,ARIANA,north,,Rent,Apartment,36.8791039,10.2656209,parking|chauffage central|climatisation,90,HIGH,1.5,False,False,unchanged,,,2026-03-24T13:16:16.997279
century21_bb1421336558,century21,,180.0,3.0,Jardins De Carthage,TUNIS,north,,Rent,Apartment,36.8524621,10.2964735,jardin|parking|chauffage central|climatisation,90,HIGH,1.5,False,False,unchanged,,,2026-03-24T13:30:39.636313
century21_bb9e7d54a5c5,century21,,200.0,3.0,La Marsa,TUNIS,north,,Sale,Apartment,36.8891165,10.3222671,jardin|chauffage central|climatisation,90,HIGH,1.5,False,False,unchanged,,,2026-03-24T16:26:50.293145
century21_b9da3a56c371,century21,,633.0,,La Soukra,ARIANA,north,,Sale,Land,36.8885571,10.2318816,Residential zone with villas|R+2 vocation,55,LOW,0.5,False,False,unchanged,,,2026-03-24T12:34:38.231129
century21_bd8d4e1f9c91,century21,,100.0,2.0,Cite El Khadra,TUNIS,north,,Rent,Apartment,36.8491156,10.196942,chauffage central|climatisation,90,HIGH,1.5,False,False,unchanged,,,2026-03-24T13:16:47.780253
century21_c028c312677e,century21,,144.0,4.0,Les Berges Du Lac,TUNIS,north,,Rent,Commercial,36.8396823,10.2466798,parking|chauffage central|climatisation,90,HIGH,1.5,False,False,unchanged,,,2026-03-24T13:14:53.042246
century21_bf926b86995c,century21,,317.0,,Mnihla,ARIANA,north,,Sale,Land,36.8611961,10.1339164,jardin,55,LOW,0.5,False,False,unchanged,,,2026-03-24T12:40:39.579724
century21_c0ecaf174a23,century21,,85.0,2.0,Ain Zaghouan,TUNIS,north,,Sale,Apartment,36.8626346,10.2866556,chauffage central|climatisation,90,HIGH,1.5,False,False,unchanged,,,2026-03-24T12:59:38.443786
century21_c1433851a314,century21,,406.0,8.0,La Soukra,ARIANA,north,,Sale,Apartment,36.8862706,10.2185958,haut standing|jardin|parking|chauffage central|climatisation|chambre de service,90,HIGH,1.5,False,False,unchanged,,,2026-03-24T13:04:57.913815
century21_c1e96ebf30af,century21,,127.0,3.0,Ain Zaghouan,TUNIS,north,,Rent,Apartment,36.8626346,10.2866556,parking|chauffage central|climatisation,90,HIGH,1.5,False,False,unchanged,,,2026-03-24T13:24:26.444669
century21_bdc45546d4a9,century21,,416.0,6.0,Korba,NABEUL,north,,Sale,Villa,36.5806067,10.8620804,Entrée style arabesque|Salon donnant sur cuisine|Salle de bain|5 chambres ouvrant sur patio,90,HIGH,1.5,False,False,unchanged,,,2026-03-24T13:00:28.158882
century21_c06ff58b0763,century21,,89.0,3.0,Hammamet,NABEUL,north,,Sale,Apartment,36.4040068,10.5689948,Salon lumineux|Cuisine entièrement équipée|2 chambres avec dressings|Salle de douche|Salle de bain,90,HIGH,1.5,False,False,unchanged,,,2026-03-24T16:22:23.887290
century21_be5ecde39864,century21,,200.0,4.0,La Marsa,TUNIS,north,,Rent,Apartment,36.8899827,10.3224313,parking|chauffage central|climatisation|terrasse,90,HIGH,1.5,False,False,unchanged,,,2026-03-24T13:27:57.448828
century21_bd89dbaf14b8,century21,,223.0,4.0,Jardins De Carthage,TUNIS,north,,Sale,Villa,36.8524621,10.2964735,piscine|jardin|parking|chauffage central|climatisation|terrasse,90,HIGH,1.5,False,False,unchanged,,,2026-03-24T12:47:01.827665
century21_c84363db80db,century21,,200.0,,Les Berges Du Lac,TUNIS,north,,Rent,Commercial,36.8472959,10.2744566,parking,55,LOW,0.5,False,False,unchanged,,,2026-03-24T13:43:01.816642
century21_c78c5c8758e5,century21,,650.0,10.0,El Menzah,ARIANA,north,,Rent,Land,36.84708,10.151694,jardin|garage,90,HIGH,1.5,False,False,unchanged,,,2026-03-24T13:45:59.055754
century21_c346b130c69d,century21,,114.0,3.0,Aouina,TUNIS,north,,Sale,Apartment,36.8598675,10.2649198,parking|chauffage central|climatisation,90,HIGH,1.5,False,False,unchanged,,,2026-03-24T12:37:32.958784
century21_c7f2e04b01c0,century21,,131.0,4.0,El Menzah,ARIANA,north,,Sale,Commercial,36.8483853,10.1745278,chauffage central|climatisation,90,HIGH,1.5,False,False,unchanged,,,2026-03-24T12:25:02.031427
century21_c6474a5a2456,century21,,207.0,,Nabeul,NABEUL,north,,Sale,Land,36.4420874,10.6944554,Rectangular shape|Individual land title|Façade: 13m|Depth: 16m,55,LOW,0.5,False,False,unchanged,,,2026-03-24T12:43:39.205401
century21_c950a51fcde5,century21,,32.0,,El Menzah,ARIANA,north,,Rent,Commercial,36.8524946,10.1577208,any activity allowed,55,LOW,0.5,False,False,unchanged,,,2026-03-24T13:14:06.955325
century21_c440acfc52c4,century21,,64.0,3.0,Ain Zaghouan,TUNIS,north,,Rent,Villa,36.8626346,10.2866556,independent entrance|equipped kitchen|shower,90,HIGH,1.5,False,False,unchanged,,,2026-03-24T13:24:39.688064
century21_c82cde1ea907,century21,,6800.0,,Kalaa Essghira,SOUSSE,east,,Sale,Land,35.8217563,10.5605541,agricultural land|individual title deed,45,LOW,0.5,False,False,unchanged,,,2026-03-24T16:28:45.121156
century21_c7841bfe5cda,century21,,140.0,3.0,Ain Zaghouan,TUNIS,north,,Sale,Villa,36.8626346,10.2866556,parking,90,HIGH,1.5,False,False,unchanged,,,2026-03-24T12:50:21.613555
century21_c8192a5084e2,century21,,103.0,,Nabeul,NABEUL,north,,Rent,Commercial,36.4510947,10.7268767,meuble,55,LOW,0.5,False,False,unchanged,,,2026-03-24T13:25:53.556579
century21_cd12e7997d8f,century21,,39.0,1.0,Les Berges Du Lac,TUNIS,north,,Sale,Apartment,36.8472959,10.2744566,salon|cuisine équipée|chambre à coucher|salle de douche,90,HIGH,1.5,False,False,unchanged,,,2026-03-24T13:09:17.166691
century21_ce3abdba551e,century21,,75.0,1.0,Jardins De Carthage,TUNIS,north,,Rent,Apartment,36.8524621,10.2964735,jardin|parking|chauffage central|climatisation,90,HIGH,1.5,False,False,unchanged,,,2026-03-24T13:35:17.472365
century21_ca7bc5d51627,century21,,720.0,6.0,Les Berges Du Lac,TUNIS,north,,Rent,Land,36.8472959,10.2744566,piscine|jardin|parking|climatisation|meuble|terrasse,90,HIGH,1.5,False,False,unchanged,,,2026-03-24T13:46:51.520321
century21_c9eb00e242d1,century21,,700.0,,El Menzah,TUNIS,north,,Rent,Other,36.8401547,10.1773292,jardin|chauffage central|climatisation|meuble,55,LOW,0.5,False,False,unchanged,,,2026-03-24T13:37:57.667484
century21_cca8c541d68c,century21,,165.0,4.0,La Marsa,TUNIS,north,,Rent,Villa,36.882768,10.3156812,chauffage central|climatisation|terrasse,90,HIGH,1.5,False,False,unchanged,,,2026-03-24T13:24:52.945439
century21_ce386f5348f2,century21,,35.0,,El Menzah,TUNIS,north,,Sale,Commercial,36.8391789,10.1577208,2 rooms|Main axis location,55,LOW,0.5,False,False,unchanged,,,2026-03-24T12:42:02.926042
century21_cb8c891a2bca,century21,,250.0,3.0,Nabeul,NABEUL,north,,Rent,Villa,36.4371103,10.7069688,chauffage central|climatisation|terrasse,90,HIGH,1.5,False,False,unchanged,,,2026-03-24T13:13:37.192704
century21_ca5fa10c92e9,century21,,200.0,4.0,Jardins De Carthage,TUNIS,north,,Sale,Apartment,36.8524621,10.2964735,jardin|parking|climatisation,90,HIGH,1.5,False,False,unchanged,,,2026-03-24T13:03:16.009805
century21_cd93db8d518d,century21,,142.0,3.0,La Soukra,ARIANA,north,,Sale,Apartment,36.8679869,10.2403858,parking|terrasse,90,HIGH,1.5,False,False,unchanged,,,2026-03-24T13:07:52.236512
century21_cb78373dde1f,century21,,110.0,,Bab Bhar,TUNIS,north,,Rent,Commercial,36.8154575,10.1857342,ascenseur,55,LOW,0.5,False,False,unchanged,,,2026-03-24T13:14:26.417630
century21_ce80a2267e67,century21,,400.0,5.0,La Soukra,ARIANA,north,,Rent,Land,36.8737239,10.2650253,piscine|jardin|garage,90,HIGH,1.5,False,False,unchanged,,,2026-03-24T13:27:01.159560
century21_d17f97134ee2,century21,,55.0,1.0,La Soukra,ARIANA,north,,Rent,Apartment,36.8645031,10.2721983,parking,90,HIGH,1.5,False,False,unchanged,,,2026-03-24T13:19:22.603552
century21_cfda44cb008d,century21,,65.0,1.0,La Soukra,ARIANA,north,,Rent,Apartment,36.8645031,10.2721983,,75,GOOD,1.0,False,False,unchanged,,,2026-03-24T13:27:33.793630
century21_d02abd4d8288,century21,,100.0,3.0,Cite El Khadra,TUNIS,north,,Sale,Apartment,36.8491156,10.196942,chauffage central|climatisation|meuble|ascenseur,90,HIGH,1.5,False,False,unchanged,,,2026-03-24T12:45:43.087529
century21_cf3aeb00f20e,century21,,120.0,2.0,La Soukra,ARIANA,north,,Rent,Apartment,36.8862706,10.2185958,jardin|parking|terrasse,90,HIGH,1.5,False,False,unchanged,,,2026-03-24T13:13:21.935111
century21_d0f8c36f15ec,century21,,126.0,,Les Berges Du Lac,TUNIS,north,,Rent,Commercial,36.8472959,10.2744566,double height|high visibility,55,LOW,0.5,False,False,unchanged,,,2026-03-24T13:37:20.628456
century21_d189a1535ad2,century21,,185.0,4.0,Les Berges Du Lac,TUNIS,north,,Sale,Apartment,36.8472959,10.2744566,parking|chauffage central|climatisation|terrasse,90,HIGH,1.5,False,False,unchanged,,,2026-03-24T12:56:47.050526
century21_d0e37f7227e3,century21,,350.0,4.0,Carthage,TUNIS,north,,Rent,Villa,36.8384001,10.3203215,piscine|jardin|garage|chambre de service|terrasse,90,HIGH,1.5,False,False,unchanged,,,2026-03-24T13:43:08.445972
century21_ce552746b95c,century21,,300.0,5.0,El Menzah,TUNIS,north,,Sale,Villa,36.8396719,10.1829325,jardin|garage|chauffage central|climatisation|terrasse,90,HIGH,1.5,False,False,unchanged,,,2026-03-24T12:53:07.606001
century21_ce6017c1d8e2,century21,,280.0,5.0,La Soukra,ARIANA,north,,Rent,Villa,36.8844931,10.2554316,piscine|jardin|parking|chauffage central|climatisation,90,HIGH,1.5,False,False,unchanged,,,2026-03-24T13:11:14.960752
century21_d4d2b10ba32f,century21,,100.0,3.0,Nabeul,NABEUL,north,,Rent,Villa,36.4512893,10.7356634,equipped kitchen,90,HIGH,1.5,False,False,unchanged,,,2026-03-24T13:44:48.389958
century21_d49cb8372f83,century21,,140.0,,La Soukra,ARIANA,north,,Sale,Commercial,36.8645031,10.2721983,commercial space|office|storage|2 WC cabins|water system,55,LOW,0.5,False,False,unchanged,,,2026-03-24T13:03:28.066417
century21_d27879a5b5fd,century21,,470.0,,El Kram,TUNIS,north,,Rent,Commercial,36.8398699,10.303487,meuble|terrasse,55,LOW,0.5,False,False,unchanged,,,2026-03-24T13:36:51.486042
century21_d699f484a5b5,century21,,178.0,4.0,La Soukra,ARIANA,north,,Sale,Apartment,36.8885571,10.2318816,parking|chauffage central|climatisation,90,HIGH,1.5,False,False,unchanged,,,2026-03-24T13:05:12.001376
century21_d635b16cce35,century21,,140.0,3.0,Ain Zaghouan,TUNIS,north,,Sale,Apartment,36.859234,10.277161,parking|chauffage central|climatisation,90,HIGH,1.5,False,False,unchanged,,,2026-03-24T13:02:41.259873
century21_d3ff95e77da6,century21,4000.0,110.0,,Bab Bhar,TUNIS,north,,Rent,Commercial,36.811319,10.180595,chauffage central|climatisation,90,HIGH,1.5,False,False,unchanged,,36.36,2026-03-24T13:23:38.449003
century21_d66e9462eb06,century21,,330.0,6.0,Beni Khiar,NABEUL,north,,Sale,Villa,36.451221,10.7785374,climatisation|terrasse,90,HIGH,1.5,False,False,unchanged,,,2026-03-24T13:06:39.671386
century21_d25c29886d12,century21,,110.0,3.0,Cite El Khadra,TUNIS,north,,Rent,Commercial,36.8366475,10.1948405,chauffage central|climatisation,90,HIGH,1.5,False,False,unchanged,,,2026-03-24T13:21:02.348308
century21_d270a2e827e9,century21,,700.0,,Ennasr,ARIANA,north,,Sale,Land,36.864679,10.160655,residential vocation R2,55,LOW,0.5,False,False,unchanged,,,2026-03-24T12:51:05.665161
century21_d56a438d4c46,century21,,90.0,,Les Berges Du Lac,TUNIS,north,,Sale,Commercial,36.8472959,10.2744566,high visibility|premium location,55,LOW,0.5,False,False,unchanged,,,2026-03-24T16:27:51.068087
century21_d9d470de6c57,century21,,75.0,,El Menzah,ARIANA,north,,Rent,Commercial,36.8483853,10.1745278,meuble|ascenseur,55,LOW,0.5,False,False,unchanged,,,2026-03-24T13:35:25.636785
century21_d7dd31824e1a,century21,,350.0,5.0,La Soukra,ARIANA,north,,Sale,Land,36.8791039,10.2656209,piscine|jardin|garage|chambre de service,90,HIGH,1.5,False,False,unchanged,,,2026-03-24T12:57:13.649252
century21_d85f9e931995,century21,,350.0,4.0,El Menzah,TUNIS,north,,Rent,Commercial,36.832405,10.174527,modulable|convertible|open space|3 points d'eau,90,HIGH,1.5,False,False,unchanged,,,2026-03-24T13:33:54.548591
century21_d7af84ba82b0,century21,,178.0,3.0,Nabeul,NABEUL,north,,Sale,Apartment,36.4420874,10.6944554,haut standing|parking|climatisation|vue mer|terrasse,90,HIGH,1.5,False,False,unchanged,,,2026-03-24T12:56:41.143885
century21_d8c647b5d0ad,century21,2200.0,180.0,,Les Berges Du Lac,TUNIS,north,,Rent,Commercial,36.8396823,10.2466798,parking|chauffage central|climatisation,90,HIGH,1.5,False,False,unchanged,,12.22,2026-03-24T13:36:25.241184
century21_d7b2cb858f73,century21,1100.0,65.0,,Cité Mahrajène,TUNIS,north,,Rent,Commercial,36.829708,10.178039,parking,90,HIGH,1.5,False,False,unchanged,,16.92,2026-03-24T13:20:48.635019
century21_d8c2802b3d58,century21,,80.0,1.0,Jardins De Carthage,TUNIS,north,,Sale,Apartment,36.8524621,10.2964735,jardin|chauffage central|climatisation,90,HIGH,1.5,False,False,unchanged,,,2026-03-24T16:28:13.366847
century21_d6fe38968a3a,century21,,75.0,,Ariana Ville,ARIANA,north,,Rent,Commercial,36.854441,10.196942,climatisation|ascenseur,55,LOW,0.5,False,False,unchanged,,,2026-03-24T13:39:04.469685
century21_d996c5e1e837,century21,,100.0,3.0,Nabeul,NABEUL,north,,Sale,Apartment,36.4420874,10.6944554,terrasse,90,HIGH,1.5,False,False,unchanged,,,2026-03-24T16:24:30.439865
century21_d6c48fc8e491,century21,,77.0,1.0,La Soukra,ARIANA,north,,Sale,Apartment,36.8791039,10.2656209,parking|terrasse,90,HIGH,1.5,False,False,unchanged,,,2026-03-24T12:59:51.333835
century21_dc0c7c392e3c,century21,,3430.0,,Kalaa Essghira,SOUSSE,east,,Sale,Land,35.8217563,10.5605541,terrain agricole|titre foncier individuel,55,LOW,0.5,False,False,unchanged,,,2026-03-24T16:28:57.389071
century21_da37c81b476d,century21,,180.0,3.0,Gammarth,TUNIS,north,,Rent,Villa,36.9173042,10.2852532,piscine|jardin|parking|chauffage central|climatisation,90,HIGH,1.5,False,False,unchanged,,,2026-03-24T13:40:55.282611
century21_e06d150dc5b6,century21,,60.0,1.0,La Marsa,TUNIS,north,,Rent,Apartment,36.874035,10.318656,parking|chauffage central|climatisation,90,HIGH,1.5,False,False,unchanged,,,2026-03-24T13:40:01.421791
century21_e285bce4335a,century21,,80.0,,Jardins De Carthage,TUNIS,north,,Rent,Other,36.8524621,10.2964735,jardin,55,LOW,0.5,False,False,unchanged,,,2026-03-24T13:25:04.757166
century21_dacec5400299,century21,,135.0,,Ennasr,ARIANA,north,,Rent,Commercial,36.864679,10.160655,terrasse,55,LOW,0.5,False,False,unchanged,,,2026-03-24T13:24:58.829746
century21_de98fd3409e0,century21,,220.0,,Les Berges Du Lac,TUNIS,north,,Rent,Commercial,36.834329,10.302165,parking|meuble,55,LOW,0.5,False,False,unchanged,,,2026-03-24T13:34:48.943757
century21_de6f012cd678,century21,,119.0,,El Menzah,TUNIS,north,,Sale,Commercial,36.8321508,10.1465179,parking|chauffage central|climatisation,55,LOW,0.5,False,False,unchanged,,,2026-03-24T12:39:07.998372
century21_de42e2c2f37f,century21,,300.0,4.0,El Menzah,ARIANA,north,,Sale,Land,36.8524946,10.1577208,jardin|garage,90,HIGH,1.5,False,False,unchanged,,,2026-03-24T16:24:12.912596
century21_d9ea7c81a744,century21,,110.0,,Les Berges Du Lac,TUNIS,north,,Rent,Commercial,36.8472959,10.2744566,parking,55,LOW,0.5,False,False,unchanged,,,2026-03-24T13:36:08.427251
century21_e04ebbd76d06,century21,,125.0,,La Marsa,TUNIS,north,,Rent,Commercial,36.8891165,10.3222671,Open space spacieux|Pièce modulable|2 salles d'eau,55,LOW,0.5,False,False,unchanged,,,2026-03-24T13:40:48.158193
century21_e3276bb58790,century21,,150.0,2.0,Jardins De Carthage,TUNIS,north,,Sale,Apartment,36.8524621,10.2964735,haut standing|jardin|parking|chauffage central|climatisation|ascenseur,90,HIGH,1.5,False,False,unchanged,,,2026-03-24T16:23:55.184742
century21_e50add041b7b,century21,,130.0,,Jardins De Carthage,TUNIS,north,,Rent,Apartment,36.8524621,10.2964735,jardin|parking|chauffage central|climatisation,55,LOW,0.5,False,False,unchanged,,,2026-03-24T13:46:09.451771
century21_e42d589dc7a6,century21,,160.0,,Jardins De Carthage,TUNIS,north,,Rent,Apartment,36.8524621,10.2964735,jardin|parking|chauffage central|climatisation|terrasse,55,LOW,0.5,False,False,unchanged,,,2026-03-24T13:23:51.799137
century21_e31d794eae2c,century21,,130.0,,Jardins De Carthage,TUNIS,north,,Rent,Apartment,36.8524621,10.2964735,jardin|parking|chauffage central|climatisation,55,LOW,0.5,False,False,unchanged,,,2026-03-24T13:18:57.532060
century21_e32244c8782b,century21,,113.0,,Jardins De Carthage,TUNIS,north,,Sale,Commercial,36.8524621,10.2964735,jardin,55,LOW,0.5,False,False,unchanged,,,2026-03-24T12:53:25.498533
century21_e5b823de522f,century21,,450.0,,La Marsa,TUNIS,north,,Sale,Land,36.8891165,10.3222671,piscine|jardin|parking|chauffage central|climatisation,55,LOW,0.5,False,False,unchanged,,,2026-03-24T12:42:12.422670
century21_e33875de7021,century21,,600.0,,El Menzah,ARIANA,north,,Rent,Commercial,36.84708,10.151694,jardin|garage|parking|chauffage central|climatisation|terrasse,55,LOW,0.5,False,False,unchanged,,,2026-03-24T13:33:09.513478
century21_e5ce5177865c,century21,2300.0,200.0,5.0,Charguia,TUNIS,north,,Rent,Commercial,36.8408244,10.2052613,parking|chauffage central,100,HIGH,1.5,False,False,unchanged,,11.5,2026-03-24T13:41:56.447220
century21_e54a56853009,century21,,80.0,1.0,Les Berges Du Lac,TUNIS,north,,Rent,Apartment,36.8472959,10.2744566,parking|chauffage central|climatisation,90,HIGH,1.5,False,False,unchanged,,,2026-03-24T13:42:21.578072
century21_e4ad7c239f0a,century21,,105.0,,Jardins De Carthage,TUNIS,north,,Rent,Commercial,36.8524621,10.2964735,jardin,55,LOW,0.5,False,False,unchanged,,,2026-03-24T13:28:35.760115
century21_ee655936e47d,century21,,300.0,4.0,Carthage,TUNIS,north,,Rent,Villa,36.8551087,10.3320773,jardin|parking|terrasse,90,HIGH,1.5,False,False,unchanged,,,2026-03-24T13:46:26.226680
century21_ec2eaed7327d,century21,,86.0,2.0,Nabeul,NABEUL,north,,Sale,Villa,36.4512893,10.7356634,climatisation,90,HIGH,1.5,False,False,unchanged,,,2026-03-24T12:49:38.334539
century21_ea76f2296611,century21,,120.0,3.0,Bab Bhar,TUNIS,north,,Rent,Commercial,36.8154575,10.1857342,parking,90,HIGH,1.5,False,False,unchanged,,,2026-03-24T13:10:42.000966
century21_e5d010f4154f,century21,,104.0,3.0,Nabeul,NABEUL,north,,Sale,Apartment,36.4420874,10.6944554,piscine|terrasse,90,HIGH,1.5,False,False,unchanged,,,2026-03-24T12:51:12.572450
century21_eca19f1958e3,century21,,750.0,,Hammamet,NABEUL,north,,Sale,Land,36.4252308,10.6309169,Entrée privée|Titre foncier individuel,55,LOW,0.5,False,False,unchanged,,,2026-03-24T12:39:46.323248
century21_ec133e434570,century21,1200.0,50.0,,El Menzah,ARIANA,north,,Sale,Commercial,36.8483853,10.1745278,Fonds de commerce,80,GOOD,1.0,True,False,unchanged,,24.0,2026-03-24T16:26:07.310372
century21_ee14e1d53036,century21,,170.0,4.0,El Kram,TUNIS,north,,Rent,Commercial,36.83332,10.3175155,parking|meuble|ascenseur,90,HIGH,1.5,False,False,unchanged,,,2026-03-24T13:18:35.657875
century21_e733e70b6acc,century21,,90.0,1.0,Ain Zaghouan,TUNIS,north,,Rent,Apartment,36.8626346,10.2866556,haut standing|chauffage central|climatisation|ascenseur,90,HIGH,1.5,False,False,unchanged,,,2026-03-24T13:26:19.020377
century21_e6c219155011,century21,,64.0,1.0,Nabeul,NABEUL,north,,Sale,Apartment,36.4420874,10.6944554,piscine|parking,90,HIGH,1.5,False,False,unchanged,,,2026-03-24T16:27:57.365715
century21_e7e617b55788,century21,,52.0,,Ain Zaghouan,TUNIS,north,,Rent,Apartment,36.8626346,10.2866556,Chambre avec dressing|Balcon|Cuisine équipée|Salle de douche à l'italienne,55,LOW,0.5,False,False,unchanged,,,2026-03-24T13:34:21.190142
century21_f1b93aa37f70,century21,,600.0,7.0,El Menzah,ARIANA,north,,Rent,Villa,36.8524946,10.1577208,jardin|garage,90,HIGH,1.5,False,False,unchanged,,,2026-03-24T13:33:02.565847
century21_efcf24789982,century21,,300.0,4.0,Les Berges Du Lac,TUNIS,north,,Rent,Land,36.8396823,10.2466798,jardin|garage,90,HIGH,1.5,False,False,unchanged,,,2026-03-24T13:32:35.979678
century21_f2f9f55ada5f,century21,,150.0,4.0,La Soukra,ARIANA,north,,Rent,Apartment,36.8791039,10.2656209,piscine|parking|chauffage central|climatisation|terrasse,90,HIGH,1.5,False,False,unchanged,,,2026-03-24T13:35:42.473985
century21_f0b56f9b6e22,century21,,110.0,3.0,Ain Zaghouan,TUNIS,north,,Rent,Apartment,36.859234,10.277161,parking,90,HIGH,1.5,False,False,unchanged,,,2026-03-24T13:19:30.107386
century21_ee6fba88ebb9,century21,,320.0,,Bab Bhar,TUNIS,north,,Rent,Commercial,36.811319,10.180595,parking|chauffage central|climatisation,55,LOW,0.5,False,False,unchanged,,,2026-03-24T13:29:44.105739
century21_f20c4c7342bc,century21,,300.0,4.0,La Soukra,ARIANA,north,,Sale,Villa,36.8844931,10.2554316,piscine|jardin|parking|chauffage central|climatisation,90,HIGH,1.5,False,False,unchanged,,,2026-03-24T12:59:03.388744
century21_f26c77d6cb87,century21,,155.0,3.0,Gammarth,TUNIS,north,,Sale,Villa,36.9173042,10.2852532,piscine|jardin|terrasse,90,HIGH,1.5,False,False,unchanged,,,2026-03-24T13:06:20.498857
century21_ef697770a6d0,century21,,118.0,,Nabeul,NABEUL,north,,Rent,Commercial,36.4512893,10.7356634,Local commercial sur boulevard touristique,55,LOW,0.5,False,False,unchanged,,,2026-03-24T13:20:00.324881
century21_eefb363b8221,century21,,123.0,3.0,La Soukra,ARIANA,north,,Rent,Apartment,36.8862706,10.2185958,parking|chauffage central|climatisation,90,HIGH,1.5,False,False,unchanged,,,2026-03-24T13:20:36.251696
century21_eeb35d57da96,century21,,,,La Soukra,ARIANA,north,,Sale,Land,36.8844931,10.2554316,Deux terrains de 394 m² et 525 m²|Zone résidentielle composée de villas,40,LOW,0.5,False,False,unchanged,,,2026-03-24T13:00:20.105456
century21_f50ed763a489,century21,,238.0,,La Marsa,TUNIS,north,,Sale,Commercial,36.8660009,10.3090981,meuble,55,LOW,0.5,False,False,unchanged,,,2026-03-24T13:05:25.752690
century21_f43cdccfad46,century21,,180.0,6.0,La Marsa,TUNIS,north,,Rent,Apartment,36.874035,10.318656,jardin|parking|chauffage central|climatisation|terrasse,90,HIGH,1.5,False,False,unchanged,,,2026-03-24T13:35:57.001974
century21_f521ab4e9e21,century21,,134.0,4.0,Cite El Khadra,TUNIS,north,,Sale,Apartment,36.8304736,10.196942,parking|chauffage central|climatisation,90,HIGH,1.5,False,False,unchanged,,,2026-03-24T16:23:15.346624
century21_f6410663afd1,century21,,250.0,5.0,La Marsa,TUNIS,north,,Rent,Villa,36.874035,10.318656,piscine|garage|chauffage central|climatisation|terrasse,90,HIGH,1.5,False,False,unchanged,,,2026-03-24T13:43:39.069744
century21_f70dffb8e157,century21,,419.0,,La Soukra,ARIANA,north,,Sale,Land,36.8844931,10.2554316,residential zone,55,LOW,0.5,False,False,unchanged,,,2026-03-24T12:46:07.272339
century21_f3163877fa3b,century21,,400.0,6.0,El Menzah,TUNIS,north,,Sale,Land,36.8391789,10.1577208,Commercial use|Large facade (26m)|COS 0.4|CUF 1.2,90,HIGH,1.5,False,False,unchanged,,,2026-03-24T12:49:52.604564
century21_f33bd8ade83f,century21,,50.0,1.0,La Marsa,TUNIS,north,,Sale,Apartment,36.874035,10.318656,parking|chauffage central|climatisation|terrasse,90,HIGH,1.5,False,False,unchanged,,,2026-03-24T12:36:54.918328
century21_f3f351c44e45,century21,,126.0,4.0,Ain Zaghouan,TUNIS,north,,Rent,Apartment,36.8626346,10.2866556,parking,90,HIGH,1.5,False,False,unchanged,,,2026-03-24T13:47:19.071982
century21_f592300fa491,century21,,180.0,4.0,La Marsa,TUNIS,north,,Rent,Apartment,36.8899827,10.3224313,parking|chauffage central|climatisation|terrasse,90,HIGH,1.5,False,False,unchanged,,,2026-03-24T13:27:51.937371
century21_f57f4f3d961a,century21,,100.0,2.0,La Marsa,TUNIS,north,,Rent,Villa,36.882768,10.3156812,Vacant|Equipped kitchen,90,HIGH,1.5,False,False,unchanged,,,2026-03-24T13:25:48.597036
century21_fb379b24c81d,century21,,128.0,2.0,La Soukra,ARIANA,north,,Sale,Apartment,36.8862706,10.2185958,parking|chauffage central|climatisation,90,HIGH,1.5,False,False,unchanged,,,2026-03-24T12:50:12.847146
century21_fad542b26bd9,century21,,180.0,4.0,Les Berges Du Lac,TUNIS,north,,Rent,Apartment,36.8396823,10.2466798,parking|chauffage central|climatisation|terrasse,90,HIGH,1.5,False,False,unchanged,,,2026-03-24T13:41:37.716749
century21_f89731b27d03,century21,,85.0,,Bab Bhar,TUNIS,north,,Rent,Commercial,36.7969248,10.1766289,parking|climatisation|meuble|ascenseur,55,LOW,0.5,False,False,unchanged,,,2026-03-24T13:21:21.932048
century21_fb0f27a49c45,century21,,190.0,,Jardins De Carthage,TUNIS,north,,Rent,Commercial,36.8524621,10.2964735,jardin,55,LOW,0.5,False,False,unchanged,,,2026-03-24T13:12:10.430631
century21_f755abe65a02,century21,,450.0,7.0,La Soukra,ARIANA,north,,Sale,Villa,36.8737239,10.2650253,piscine|jardin|chauffage central|climatisation,90,HIGH,1.5,False,False,unchanged,,,2026-03-24T12:56:11.030800
century21_fc7f9af2fe34,century21,,300.0,5.0,Les Berges Du Lac,TUNIS,north,,Sale,Apartment,36.8472959,10.2744566,parking|chauffage central|climatisation|chambre de service|terrasse,90,HIGH,1.5,False,False,unchanged,,,2026-03-24T12:49:28.091774
century21_fa2f398d3d4a,century21,,85.0,,Ariana Ville,ARIANA,north,,Rent,Commercial,36.854441,10.196942,climatisation|ascenseur,55,LOW,0.5,False,False,unchanged,,,2026-03-24T13:39:13.903433
century21_f9b3765f720c,century21,,170.0,3.0,Jardins De Carthage,TUNIS,north,,Rent,Apartment,36.8524621,10.2964735,jardin|parking|chauffage central|climatisation,90,HIGH,1.5,False,False,unchanged,,,2026-03-24T13:11:45.708341
century21_f9dee0ee3ac8,century21,,450.0,6.0,Ennasr,ARIANA,north,,Sale,Villa,36.864679,10.160655,parking|chauffage central|climatisation|terrasse,90,HIGH,1.5,False,False,unchanged,,,2026-03-24T16:23:42.647086
century21_f77de57bee4f,century21,,320.0,4.0,Gammarth,TUNIS,north,,Sale,Villa,36.8923669,10.3119038,jardin|garage|parking|chauffage central|climatisation|vue mer|ascenseur|chambre de service|terrasse,90,HIGH,1.5,False,False,unchanged,,,2026-03-24T12:49:45.495454
century21_fcfea98f929e,century21,,65.0,,Les Berges Du Lac,TUNIS,north,,Sale,Commercial,36.8472959,10.2744566,parking,55,LOW,0.5,False,False,unchanged,,,2026-03-24T16:28:39.196075
darcom_130422,darcom,,1086.0,,Gammarth,TUNIS,north,,Sale,Land,33.8439408,9.400138,Seafront|High-end project potential,50,LOW,0.5,False,False,unchanged,,,2026-03-24T16:30:39.267897
darcom_47067,darcom,680.0,808.0,,Ariana,ARIANA,north,Ariana Ville,Sale,Land,36.866011,10.193923,Title Foncier,80,GOOD,1.0,True,False,unchanged,0.0,0.84,2026-03-24T16:30:20.016992
century21_fda2ab4a7a15,century21,,100.0,2.0,Ain Zaghouan,TUNIS,north,,Rent,Apartment,36.8626346,10.2866556,parking|chauffage central|climatisation|terrasse,90,HIGH,1.5,False,False,unchanged,,,2026-03-24T13:20:57.531366
darcom_66895,darcom,1250.0,3697.0,,Ariana,ARIANA,north,Ariana Ville,Sale,Land,36.866011,10.193923,lotissement en 6 lots|superficies entre 586m² et 630m²,80,GOOD,1.0,True,False,unchanged,0.0,0.34,2026-03-24T16:30:15.244169
darcom_76700,darcom,720.0,1354.0,,Ariana,ARIANA,north,Ariana Ville,Sale,Land,36.866011,10.193923,division possible par 2,80,GOOD,1.0,True,False,unchanged,0.0,0.53,2026-03-24T16:30:07.912885
darcom_130423,darcom,1100.0,190.0,,Le Kram,TUNIS,north,,Sale,Land,33.8439408,9.400138,garage|terrasse,75,GOOD,1.0,True,False,unchanged,0.0,5.79,2026-03-24T16:30:33.293034
century21_ff6dfb5d20ac,century21,,90.0,,Ariana Ville,ARIANA,north,,Rent,Commercial,36.854441,10.196942,climatisation|ascenseur,55,LOW,0.5,False,False,unchanged,,,2026-03-24T13:39:19.279600
darcom_40201,darcom,560000.0,808.0,,Ariana,ARIANA,north,Ariana Ville,Sale,Land,36.866011,10.193923,Title Foncier,100,HIGH,1.5,False,False,unchanged,0.0,693.07,2026-03-24T16:30:26.381702
century21_ffd642e8de7d,century21,,100.0,3.0,Gammarth,TUNIS,north,,Sale,Villa,36.9173042,10.2852532,salon salle à manger|kitchenette|salle de bain|2 chambres à coucher,90,HIGH,1.5,False,False,unchanged,,,2026-03-24T13:05:36.682664
mubawab_7582027,mubawab,,219.0,4.0,,,,,Sale,Apartment,33.8439408,9.400138,,25,LOW,0.5,False,False,unchanged,,,2026-03-24T15:29:23.360942
mubawab_7845704,mubawab,,123.0,7.0,,,,,Sale,Apartment,33.8439408,9.400138,,25,LOW,0.5,False,False,unchanged,,,2026-03-24T15:29:29.551140
mubawab_7907095,mubawab,,52.0,1.0,,,,,Sale,Apartment,33.8439408,9.400138,,25,LOW,0.5,False,False,unchanged,,,2026-03-24T15:29:17.470378
mubawab_7477759,mubawab,,555.0,9.0,,,,,Sale,Commercial,33.8439408,9.400138,,25,LOW,0.5,False,False,unchanged,,,2026-03-24T15:30:05.250014
darcom_90062,darcom,,,,Sbeitla,,,,Rent,Other,33.8439408,9.400138,Title Foncier|Water well (8 liters/second)|Apple orchard (10 ha)|Pear orchard (1.7 ha)|Olive trees (1 ha),25,LOW,0.5,False,False,unchanged,,,2026-03-24T16:34:25.675698
mubawab_7928563,mubawab,,99.0,1.0,,,,,Sale,Apartment,33.8439408,9.400138,,25,LOW,0.5,False,False,unchanged,,,2026-03-24T15:29:08.782939
darcom_78287,darcom,2500.0,500.0,,Ariana,ARIANA,north,Ariana Ville,Rent,Land,36.866011,10.193923,Jardin|Piscine|Climatisation,90,HIGH,1.5,False,False,unchanged,0.0,5.0,2026-03-24T16:34:40.938677
mubawab_7670672,mubawab,,,3.0,El Kantaoui,SOUSSE,east,Sidi El Heni,Sale,Apartment,35.6756,10.3106,Beach proximity (1 min),45,LOW,0.5,False,False,unchanged,,,2026-03-24T15:28:41.567172
darcom_79359,darcom,1080.0,1350.0,,Ariana,ARIANA,north,Ariana Ville,Rent,Land,36.866011,10.193923,Title Foncier|Residential zone,80,GOOD,1.0,True,False,unchanged,0.0,0.8,2026-03-24T16:34:34.144958
mubawab_7851012,mubawab,,130.0,10.0,,,,,Sale,Commercial,33.8439408,9.400138,,25,LOW,0.5,False,False,unchanged,,,2026-03-24T15:30:00.209051
mubawab_8301360,mubawab,,73.0,1.0,La Manouba,TUNIS,north,Jebel Jelloud,Sale,Apartment,36.7667,10.1833,terrasse,85,HIGH,1.5,False,False,unchanged,,,2026-03-24T15:29:13.079313
mubawab_8320290,mubawab,,124.0,,Sousse,TUNIS,north,Jebel Jelloud,Sale,Commercial,36.7667,10.1833,,45,LOW,0.5,False,False,unchanged,,,2026-03-24T15:30:15.276474
newkey_103023,newkey,2350.0,,3.0,Appartement,,,سيدي محرصي,Rent,Apartment,36.4360619,10.7045291,Général|Terrasse|vue|Vue dégagée|parking|Sous-sol|Place de parking|chauffage|Central|climatisation|Split|proximite|Magasin|Salle de sport|Espace vert|Terrain de foot ou autre|Restaurant(s)|Café(s)|Banque(s)|Aéroport|Lycée,85,HIGH,1.5,False,False,unchanged,0.0,,2026-03-24T14:39:42.415421
newkey_103478,newkey,1400.0,,,Maison / Villa,,,الهوارية,Sale,Villa,37.0565576,11.0104527,Général|Suite parentale|Chambre service|Terrasse|Espace extérieur|Jardin|vue|Vue dégagée|parking|Garage|chauffage|Central|climatisation|Split|proximite|École|Magasin|Espace vert|Restaurant(s)|Café(s)|Lycée,25,LOW,0.5,True,False,unchanged,0.0,,2026-03-24T16:51:30.334346
newkey_101421,newkey,540000.0,,4.0,Appartement,ARIANA,north,سيدي محرصي,Sale,Apartment,36.4360619,10.7045291,Général|Ascenseur|Placards|Dressing|Ensoleillé (e)|Parabole|Code d'accès|Gardien|Hall|Interphone|Lumineux|Proche commerces|Quartier calme|Sécurisé|Stores électriques|Titre foncier|Cuisine|Cuisine équipée|Four|Hotte|Plaque|parking|Sous-sol|chauffage|Central|climatisation|Split|proximite|École|Magasin|Salle de sport|Espace vert|Restaurant(s)|Café(s)|Bureau de Poste|Banque(s)|Municipalité|Station de bus|Aéroport|Lycée,95,HIGH,1.5,False,False,unchanged,0.0,,2026-03-24T14:02:47.846540
mubawab_8320299,mubawab,,82.0,10.0,,,,,Sale,Commercial,33.8439408,9.400138,,25,LOW,0.5,False,False,unchanged,,,2026-03-24T15:30:10.325143
mubawab_8166867,mubawab,,123.0,9.0,,,,,Sale,Commercial,33.8439408,9.400138,,25,LOW,0.5,False,False,unchanged,,,2026-03-24T15:29:55.457944
mubawab_8253811,mubawab,,129.0,4.0,,TUNIS,north,Jebel Jelloud,Sale,Apartment,36.7667,10.1833,,40,LOW,0.5,False,False,unchanged,,,2026-03-24T15:29:34.794516
mubawab_8130939,mubawab,,130.0,1.0,,,,,Sale,Apartment,33.8439408,9.400138,,25,LOW,0.5,False,False,unchanged,,,2026-03-24T15:29:04.301627
newkey_105144,newkey,,,,Appartement,,,سيدي محرصي,Sale,Apartment,36.4360619,10.7045291,Espace extérieur|Jardin|vue|Vue dégagée|parking|Sous-sol|chauffage|Central|climatisation|Split|proximite|École|Magasin|Salle de sport|Restaurant(s)|Café(s)|Bureau de Poste|Municipalité|Aéroport|École maternelle|Lycée,25,LOW,0.5,False,False,unchanged,,,2026-03-24T16:55:58.626892
newkey_112688,newkey,,,,Maison / Villa,,,الهوارية,Sale,Villa,37.0565576,11.0104527,Général|Suite parentale|Piscine|Terrasse|Placards|Dressing|Portail électrique|Alarme|Ensoleillé (e)|Parabole|Chambres Spacieuses|Lumineux|Proche commerces|Proche transport|Quartier calme|Rez-de-chaussée|Sécurisé|Stores électriques|Titre foncier|Très Haut Standing|Espace extérieur|Jardin|Jardin clôturé|Cuisine|Cuisine équipée|Four|Hotte|Plaque|vue|Jardin|parking|Abri de voiture|chauffage|Central|climatisation|Split|proximite|École|Magasin|Salle de sport|Espace vert|Restaurant(s)|Café(s)|Bureau de Poste|Banque(s)|Municipalité|Aéroport|Lycée,25,LOW,0.5,False,False,unchanged,,,2026-03-24T17:05:03.742487
newkey_106974,newkey,540000.0,,,Maison / Villa,,,,Sale,Villa,,,Général|Suite parentale|Cellier|Piscine|Terrasse|Placards|Dressing|Portail électrique|Alarme|Ensoleillé (e)|Double vitrage|Alimentation d'eau|Chambres Spacieuses|Entièrement rénové|Haut Standing|Lumineux|Réfrigérateur|Réseau internet|Sécurisé|Espace extérieur|Jardin|Cuisine|Cuisine équipée|Four|Hotte|Plaque|vue|Vue dégagée|Jardin|parking|Garage|chauffage|Central|climatisation|Split|proximite|Espace vert|Restaurant(s)|Café(s)|Banque(s)|Municipalité|Aéroport|Bureau de Poste,30,LOW,0.5,False,False,unchanged,0.0,,2026-03-24T16:55:09.998242
newkey_112566,newkey,,,,Appartement,,,سيدي محرصي,Sale,Apartment,36.4360619,10.7045291,Général|Suite parentale|Piscine|Espace extérieur|Jardin|vue|Vue dégagée|parking|Sous-sol|chauffage|Central|climatisation|Centrale|proximite|École|Magasin|Salle de sport|Espace vert|Restaurant(s)|Café(s)|Bureau de Poste|Banque(s)|Aéroport|École maternelle|Lycée,25,LOW,0.5,False,False,unchanged,,,2026-03-24T17:06:05.834041
newkey_112596,newkey,,,,Maison / Villa,,,الهوارية,Sale,Land,37.0565576,11.0104527,Général|Suite parentale|Chambre service|Cellier|Piscine|Terrasse|Espace extérieur|Jardin|vue|Vue dégagée|parking|Sous-sol|Place de parking|chauffage|Sol|climatisation|Centrale|Split|proximite|Magasin|Salle de sport|Espace vert|Terrain de foot ou autre|Restaurant(s)|Café(s)|Banque(s)|Station de bus|Lycée,25,LOW,0.5,False,False,unchanged,,,2026-03-24T17:05:58.409181
newkey_112673,newkey,325000.0,,,Appartement,,,سيدي محرصي,Sale,Apartment,36.4360619,10.7045291,,40,LOW,0.5,False,False,unchanged,0.0,,2026-03-24T17:05:09.627997
newkey_112277,newkey,740000.0,,,Terrain,,,,Sale,Land,36.8326074,10.0984587,,35,LOW,0.5,False,False,unchanged,0.0,,2026-03-24T17:06:27.491773
newkey_113506,newkey,360000.0,,,Appartement,,,سيدي محرصي,Sale,Apartment,36.4360619,10.7045291,vue|Vue dégagée|chauffage|Central|climatisation|Split|proximite|École|Magasin|Salle de sport|Espace vert|Terrain de foot ou autre|Restaurant(s)|Café(s)|Salle de cinéma / Théâtre|Bureau de Poste|Banque(s)|Municipalité|Station de bus|Aéroport|École maternelle|Lycée,45,LOW,0.5,False,False,unchanged,0.0,,2026-03-24T17:04:02.841453
newkey_112712,newkey,620000.0,,,Appartement,,,سيدي محرصي,Sale,Apartment,36.4360619,10.7045291,jardin|parking,45,LOW,0.5,False,False,unchanged,0.0,,2026-03-24T17:05:17.039279
newkey_114164,newkey,533100.0,,,Bureau Et Local...,,,,Sale,Commercial,,,proximite|École|Magasin|Salle de sport|Espace vert|Restaurant(s)|Café(s)|Bureau de Poste|Banque(s)|Municipalité|École maternelle|Lycée,30,LOW,0.5,False,False,unchanged,0.0,,2026-03-24T17:03:30.113770
newkey_113642,newkey,2200.0,,,Maison / Villa,,,الهوارية,Sale,Villa,37.0565576,11.0104527,jardin,25,LOW,0.5,True,False,unchanged,0.0,,2026-03-24T17:03:46.198331
newkey_114284,newkey,380000.0,,,Appartement,,,سيدي محرصي,Sale,Apartment,36.4360619,10.7045291,Général|Terrasse|vue|Vue dégagée|parking|Sous-sol|Place de parking|chauffage|Central|climatisation|Split|proximite|École|Magasin|Salle de sport|Espace vert|Terrain de foot ou autre|Restaurant(s)|Café(s)|Banque(s)|Station de métro|Station de bus|École maternelle|Lycée,45,LOW,0.5,False,False,unchanged,0.0,,2026-03-24T17:03:21.927509
newkey_114373,newkey,290000.0,,,Appartement,,,سيدي محرصي,Sale,Apartment,36.4360619,10.7045291,Général|Ascenseur|Placards|Dressing|Balcon|Ensoleillé (e)|Double Ascenseur|Parabole|Code d'accès|Gardien|Hall|Interphone|Kitchenette|Lumineux|Quartier calme|Sécurisé|Stores électriques|Très Haut Standing|Video-phone|Cuisine|Cuisine équipée|Four|Hotte|Plaque|parking|Sous-sol|chauffage|Central|climatisation|Split|proximite|École|Magasin|Salle de sport|Espace vert|Restaurant(s)|Café(s)|Bureau de Poste|Banque(s)|Municipalité|Aéroport|Lycée,45,LOW,0.5,False,False,unchanged,0.0,,2026-03-24T17:03:09.589665
newkey_114586,newkey,360000.0,,,Appartement,,,سيدي محرصي,Sale,Apartment,36.4360619,10.7045291,Général|Suite parentale|Terrasse|vue|Vue dégagée|parking|Sous-sol|chauffage|Central|climatisation|Split|proximite|École|Magasin|Salle de sport|Espace vert|Restaurant(s)|Café(s)|Banque(s)|Station de bus|Aéroport|Lycée,45,LOW,0.5,False,False,unchanged,0.0,,2026-03-24T17:02:17.008432
newkey_114452,newkey,720000.0,,5.0,Appartement,,,سيدي محرصي,Sale,Apartment,36.4360619,10.7045291,parking|terrasse,85,HIGH,1.5,False,False,unchanged,0.0,,2026-03-24T14:04:24.392462
newkey_114592,newkey,547800.0,,,Appartement,,,سيدي محرصي,Sale,Apartment,36.4360619,10.7045291,haut standing|parking|terrasse,45,LOW,0.5,False,False,unchanged,0.0,,2026-03-24T17:02:23.432338
newkey_114441,newkey,1600.0,,2.0,Appartement,,,سيدي محرصي,Rent,Apartment,36.4360619,10.7045291,Espace extérieur|Jardin|vue|Jardin|parking|Sous-sol|chauffage|Central|climatisation|Split|proximite|École|Magasin|Salle de sport|Espace vert|Restaurant(s)|Café(s)|Bureau de Poste|Banque(s)|Station de bus|Aéroport|École maternelle|Lycée,85,HIGH,1.5,False,False,unchanged,0.0,,2026-03-24T14:33:15.590860
newkey_114343,newkey,1950.0,,,Maison / Villa,,,الهوارية,Sale,Villa,37.0565576,11.0104527,Général|Suite parentale|Chambre service|Piscine|Terrasse|Placards|Dressing|Portail électrique|Alarme|Balcon|Ensoleillé (e)|Parabole|Buanderie|Chambres Spacieuses|Lumineux|Quartier calme|Rez-de-chaussée|Sécurisé|Stores électriques|Titre foncier|Très Haut Standing|Vidéosurveillance|Espace extérieur|Jardin|Jardin arboré|Jardin clôturé|Cuisine|Double cuisine|Cuisine équipée|Four|Hotte|Plaque|vue|Vue dégagée|Jardin|parking|Abri de voiture|Garage|chauffage|Central|climatisation|Split|proximite|École|Magasin|Espace vert|Restaurant(s)|Café(s)|Banque(s)|Municipalité|Aéroport|École maternelle|Lycée,25,LOW,0.5,True,False,unchanged,0.0,,2026-03-24T17:03:16.377795
newkey_114426,newkey,80000.0,,,Bureau Et Local...,,,,Sale,Commercial,,,,25,LOW,0.5,False,False,unchanged,0.0,,2026-03-24T17:02:30.418356
newkey_114413,newkey,583275.0,,,Appartement,,,سيدي محرصي,Sale,Apartment,36.4360619,10.7045291,Général|Suite parentale|Placards|Fibre optique|Dressing|Portail électrique|Alarme|Balcon|Double Ascenseur|Double vitrage|Parabole|Alarme incendie|Alimentation d'eau|Chambres Spacieuses|Code d'accès|Gardien|Gaz de ville|Hall|Haut Standing|Interphone|Isolation phonique|Isolation thermique|Lave vaisselle|Lumineux|Micro onde|Proche commerces|Proche transport|Quartier calme|Réfrigérateur|Réseau internet|Sécurisé|Stores électriques|Très Haut Standing|Video-phone|Vidéosurveillance|Cuisine|Cuisine équipée|Four|Hotte|Plaque|vue|Vue dégagée|chauffage|Central|climatisation|Split|proximite|École|Magasin|Salle de sport|Espace vert|Restaurant(s)|Café(s)|Bureau de Poste|Banque(s)|Municipalité|École maternelle|Lycée,45,LOW,0.5,False,False,unchanged,0.0,,2026-03-24T17:02:55.986840
newkey_114365,newkey,1850.0,375.0,5.0,Maison / Villa,,,الهوارية,Sale,Villa,37.0565576,11.0104527,Espace extérieur|Jardin|Jardin arboré|Jardin clôturé|Cuisine|Double cuisine|Cuisine équipée|Four|Hotte|Plaque|Général|Piscine|Placards|Dressing|Balcon|Parabole|Buanderie|Chambres Spacieuses|Gaz de ville|Lumineux|Quartier calme|Sécurisé|Stores électriques|Très Haut Standing|Vidéosurveillance|vue|Vue dégagée|Jardin|parking|Abri de voiture|Garage|chauffage|Central|climatisation|Split|proximite|École|Magasin|Espace vert|Restaurant(s)|Café(s)|Bureau de Poste|Banque(s)|Municipalité|Aéroport|Lycée,80,GOOD,1.0,True,False,unchanged,0.0,4.93,2026-03-24T14:03:01.919687
newkey_114374,newkey,180000.0,,,Bureau Et Local...,,,,Sale,Commercial,,,Général|Terrasse|vue|Vue artère principale|chauffage|Central|climatisation|Split|proximite|École|Magasin|Salle de sport|Espace vert|Terrain de foot ou autre|Restaurant(s)|Café(s)|Bureau de Poste|Banque(s)|Station de bus|École maternelle|Lycée,30,LOW,0.5,False,False,unchanged,0.0,,2026-03-24T17:03:02.411591
newkey_115146,newkey,232200.0,,,Appartement,,,سيدي محرصي,Sale,Apartment,36.4360619,10.7045291,Général|Dressing|Haut Standing|Rez-de-chaussée|Cuisine|Hotte|Plaque|parking|Sous-sol|Sécurisé|Place de parking|chauffage|Central|climatisation|Split|proximite|Magasin|Salle de sport|Espace vert|Banque(s),45,LOW,0.5,False,False,unchanged,0.0,,2026-03-24T17:01:45.278121
newkey_114754,newkey,388800.0,,,Appartement,,,سيدي محرصي,Sale,Apartment,36.4360619,10.7045291,Général|Suite parentale|Dressing|Chambres Spacieuses|Haut Standing|Sécurisé|Espace extérieur|Jardin|Cuisine|Hotte|Plaque|vue|Vue dégagée|parking|Sous-sol|Place de parking|chauffage|Central|climatisation|Split|proximite|Magasin|Espace vert|Café(s),45,LOW,0.5,False,False,unchanged,0.0,,2026-03-24T17:02:10.019590
newkey_116112,newkey,1150.0,,,Maison / Villa,,,الهوارية,Sale,Villa,37.0565576,11.0104527,piscine|jardin,25,LOW,0.5,True,False,unchanged,0.0,,2026-03-24T17:01:08.344365
newkey_115365,newkey,703000.0,129.0,3.0,Appartement,,,سيدي محرصي,Sale,Apartment,36.4360619,10.7045291,Général|Terrasse|Placards|Code d'accès|Gardien|Haut Standing|Interphone|Isolation thermique|Lumineux|Proche commerces|Proche transport|Quartier calme|Sécurisé|Cuisine|Cuisine équipée|Four|Hotte|Plaque|vue|Jardin|parking|Sous-sol|chauffage|Central|climatisation|Split|proximite|École|Magasin|Salle de sport|Espace vert|Restaurant(s)|Café(s)|Bureau de Poste|Banque(s)|Municipalité|Aéroport,100,HIGH,1.5,False,False,unchanged,0.0,5449.61,2026-03-24T14:05:16.035490
newkey_115928,newkey,,,3.0,Maison / Villa,,,الهوارية,Sale,Villa,37.0565576,11.0104527,Général|Suite parentale|Ensoleillé (e)|Chambres Spacieuses|Quartier calme|Sécurisé|Titre foncier|Espace extérieur|Jardin|parking|Abri de voiture|proximite|École|Magasin|Salle de sport|Espace vert|Restaurant(s)|Café(s)|Bureau de Poste|Banque(s)|Municipalité|Aéroport,40,LOW,0.5,False,False,unchanged,,,2026-03-24T14:02:19.026876
newkey_115184,newkey,421500.0,,3.0,Appartement,,,سيدي محرصي,Sale,Apartment,36.4360619,10.7045291,Général|Suite parentale|Ascenseur|Dressing|Gaz de ville|Haut Standing|Quartier calme|Sécurisé|vue|Jardin|parking|Sous-sol|Sécurisé|Place de parking|chauffage|Central|climatisation|Split|proximite|Magasin|Salle de sport|Espace vert|Banque(s),85,HIGH,1.5,False,False,unchanged,0.0,,2026-03-24T14:01:12.775029
newkey_115396,newkey,800000.0,,,Appartement,,,سيدي محرصي,Sale,Apartment,36.4360619,10.7045291,parking,45,LOW,0.5,False,False,unchanged,0.0,,2026-03-24T17:01:24.514545
newkey_115067,newkey,799000.0,,,Appartement,,,سيدي محرصي,Sale,Apartment,36.4360619,10.7045291,jardin|parking,45,LOW,0.5,False,False,unchanged,0.0,,2026-03-24T17:02:02.092926
newkey_115151,newkey,582700.0,,,Appartement,,,سيدي محرصي,Sale,Apartment,36.4360619,10.7045291,Général|Suite parentale|Ascenseur|Dressing|Cuisine|Hotte|Plaque|parking|Sous-sol|Sécurisé|Place de parking|chauffage|Central|climatisation|Split|proximite|Magasin|Salle de sport|Espace vert|Banque(s),45,LOW,0.5,False,False,unchanged,0.0,,2026-03-24T17:01:37.851824
newkey_117480,newkey,575000.0,,,Appartement,,,سيدي محرصي,Sale,Apartment,36.4360619,10.7045291,Général|Suite parentale|Terrasse|Ascenseur|Placards|Dressing|Balcon|Ensoleillé (e)|Double vitrage|Parabole|Alarme incendie|Chambres Spacieuses|Code d'accès|Gardien|Hall|Haut Standing|Interphone|Isolation phonique|Isolation thermique|Lumineux|Micro onde|Proche commerces|Quartier calme|Rez-de-chaussée|Sécurisé|Stores électriques|Titre foncier|Espace extérieur|Jardin|Cuisine|Cuisine équipée|Four|Hotte|Plaque|vue|Jardin|parking|Sous-sol|chauffage|Central|climatisation|Split|proximite|École|Magasin|Salle de sport|Espace vert|Restaurant(s)|Café(s)|Bureau de Poste|Banque(s)|Municipalité|Station de bus|Aéroport|École maternelle|Lycée,45,LOW,0.5,False,False,unchanged,0.0,,2026-03-24T17:00:02.881926
newkey_116335,newkey,750000.0,,4.0,Maison / Villa,,,,Sale,Villa,,,Général|Suite parentale|Cellier|Piscine|Terrasse|Placards|Dressing|Balcon|Ensoleillé (e)|Parabole|Chambres Spacieuses|Gardien|Hall|Haut Standing|Lumineux|Quartier calme|Rez-de-chaussée|Sécurisé|Stores électriques|Espace extérieur|Jardin|Jardin arboré|Jardin clôturé|Cuisine|Cuisine équipée|Four|Hotte|Plaque|vue|Vue dégagée|Jardin|parking|Abri de voiture|chauffage|Central|climatisation|Centrale|proximite|École|Magasin|Salle de sport|Espace vert|Restaurant(s)|Café(s)|Bureau de Poste|Banque(s)|Municipalité|Aéroport|Lycée,70,GOOD,1.0,False,False,unchanged,0.0,,2026-03-24T14:02:34.805450
newkey_116449,newkey,,200.0,4.0,Maison / Villa,,,,Rent,Villa,,,Général|Suite parentale|Cellier|Dernier étage|Terrasse|Placards|Dressing|Balcon|Ensoleillé (e)|Chambres Spacieuses|Hall|Lumineux|Quartier calme|Sécurisé|Espace extérieur|Jardin|vue|Vue dégagée|Jardin|parking|Abri de voiture|chauffage|Central|proximite|École|Magasin|Espace vert|Café(s)|Bureau de Poste|Banque(s)|Municipalité|Aéroport,65,GOOD,1.0,False,False,unchanged,,,2026-03-24T14:33:22.626530
newkey_116436,newkey,1480.0,,,Appartement,,,سيدي محرصي,Rent,Apartment,36.4360619,10.7045291,Général|Terrasse|vue|Vue dégagée|parking|Sous-sol|chauffage|Central|climatisation|Split|proximite|École|Magasin|Salle de sport|Espace vert|Restaurant(s)|Café(s)|Bureau de Poste|Banque(s)|École maternelle,45,LOW,0.5,False,False,unchanged,0.0,,2026-03-24T17:11:37.454474
newkey_116510,newkey,390000.0,,,Appartement,,,,Sale,Villa,,,parking|terrasse,30,LOW,0.5,False,False,unchanged,0.0,,2026-03-24T17:00:33.743769
newkey_116282,newkey,1850.0,,,Maison / Villa,,,الهوارية,Sale,Villa,37.0565576,11.0104527,parking,25,LOW,0.5,True,False,unchanged,0.0,,2026-03-24T17:00:53.187020
newkey_117418,newkey,1700.0,,,Appartement,,,سيدي محرصي,Sale,Apartment,36.4360619,10.7045291,piscine|parking|terrasse,25,LOW,0.5,True,False,unchanged,0.0,,2026-03-24T17:00:16.830655
newkey_116350,newkey,860000.0,,,Maison / Villa,,,,Sale,Villa,,,Général|Suite parentale|Terrasse|Fibre optique|Dressing|Ensoleillé (e)|Wi-fi|Alimentation d'eau|Cave|Chambres Spacieuses|Gardien|Gaz de ville|Hall|Haut Standing|Isolation phonique|Isolation thermique|Lumineux|Proche commerces|Puissance électrique|Quartier calme|Réseau internet|Rez-de-chaussée|Stores électriques|Titre foncier|Très Haut Standing|Cuisine|Cuisine équipée|Cuisinière électrique|Four|Hotte|Plaque|Espace extérieur|Jardin arboré|Jardin clôturé|vue|Banlieue|parking|Sous-sol|chauffage|Central|climatisation|Split|proximite|École|Magasin|Salle de sport|Restaurant(s)|Café(s)|Banque(s)|Municipalité|Aéroport|Lycée,30,LOW,0.5,False,False,unchanged,0.0,,2026-03-24T17:00:41.435125
newkey_116356,newkey,145000.0,,,Bureau Et Local...,,,,Sale,Commercial,,,vue|Vue dégagée|Vue artère principale|parking|Sécurisé|proximite|École|Magasin|Salle de sport|Espace vert|Terrain de foot ou autre|Restaurant(s)|Café(s)|Banque(s)|École maternelle|Lycée,30,LOW,0.5,False,False,unchanged,0.0,,2026-03-24T17:00:46.726489
newkey_117484,newkey,990000.0,,4.0,Maison / Villa,,,الهوارية,Sale,Villa,37.0565576,11.0104527,Général|Suite parentale|Piscine|Placards|Dressing|Portail électrique|Balcon|Ensoleillé (e)|Lumineux|Quartier calme|Rez-de-chaussée|Sécurisé|Stores électriques|Très Haut Standing|Espace extérieur|Jardin|Cuisine|Cuisine équipée|vue|Jardin|parking|Garage|chauffage|Central|climatisation|Split|proximite|École|Magasin|Salle de sport|Espace vert|Restaurant(s)|Café(s)|Bureau de Poste|Banque(s)|Municipalité|Aéroport,85,HIGH,1.5,False,False,unchanged,0.0,,2026-03-24T14:04:05.457128
newkey_118531,newkey,,65.0,3.0,Appartement,,,سيدي محرصي,Sale,Apartment,36.4360619,10.7045291,jardin,80,GOOD,1.0,False,False,unchanged,,,2026-03-24T14:03:26.028318
newkey_119602,newkey,730000.0,,,Appartement,,,سيدي محرصي,Sale,Apartment,36.4360619,10.7045291,jardin|parking,45,LOW,0.5,False,False,unchanged,0.0,,2026-03-24T16:58:50.570247
newkey_119230,newkey,,,,Appartement,,,سيدي محرصي,Sale,Apartment,36.4360619,10.7045291,Général|Suite parentale|Chambre service|Cellier|Dernier étage|Ascenseur|Placards|Fibre optique|Dressing|Alarme|Balcon|Double vitrage|Parabole|Chambres Spacieuses|Code d'accès|Gardien|Gaz de ville|Hall|Interphone|Isolation phonique|Isolation thermique|Jacuzzi|Lave vaisselle|Lumineux|Micro onde|Proche commerces|Proche transport|Quartier calme|Sécurisé|Stores électriques|Très Haut Standing|Vidéosurveillance|Cuisine|Cuisine équipée|Four|Hotte|Plaque|vue|Vue dégagée|parking|Sous-sol|chauffage|Central|climatisation|Centrale|proximite|École|Magasin|Salle de sport|Restaurant(s)|Café(s)|Bureau de Poste|Banque(s)|Municipalité|Station de bus|École maternelle|Lycée,25,LOW,0.5,False,False,unchanged,,,2026-03-24T16:59:25.221602
newkey_118038,newkey,900000.0,,,Bureau Et Local...,,,,Sale,Commercial,,,vue|Vue dégagée|proximite|École|Magasin|Salle de sport|Espace vert|Terrain de foot ou autre|Restaurant(s)|Café(s)|Banque(s)|Station de bus|École maternelle|Lycée,30,LOW,0.5,False,False,unchanged,0.0,,2026-03-24T16:59:47.575389
newkey_118534,newkey,,93.0,4.0,Appartement,,,سيدي محرصي,Sale,Apartment,36.4360619,10.7045291,jardin,80,GOOD,1.0,False,False,unchanged,,,2026-03-24T14:03:07.648180
newkey_117970,newkey,450000.0,,,Appartement,,,سيدي محرصي,Sale,Apartment,36.4360619,10.7045291,chauffage central|climatisation|meuble,45,LOW,0.5,False,False,unchanged,0.0,,2026-03-24T16:59:54.834917
newkey_117917,newkey,1090.0,,,Appartement,,,سيدي محرصي,Sale,Apartment,36.4360619,10.7045291,Général|Placards|Fibre optique|Dressing|Portail électrique|Alarme|Double Ascenseur|Double vitrage|Parabole|Chambres Spacieuses|Code d'accès|Gardien|Gaz de ville|Hall|Haut Standing|Interphone|Isolation phonique|Isolation thermique|Lave vaisselle|Lumineux|Micro onde|Proche commerces|Proche transport|Quartier calme|Sécurisé|Stores électriques|Très Haut Standing|Video-phone|Vidéosurveillance|Cuisine|Cuisine équipée|Four|Hotte|Plaque|vue|Vue dégagée|chauffage|Central|climatisation|Split|proximite|École|Magasin|Salle de sport|Espace vert|Restaurant(s)|Café(s)|Bureau de Poste|Banque(s)|Municipalité|École maternelle|Lycée,25,LOW,0.5,True,False,unchanged,0.0,,2026-03-24T17:02:38.984005
newkey_118880,newkey,1820.0,,6.0,Maison / Villa,,,,Sale,Villa,,,Général|Suite parentale|Piscine|Espace extérieur|Jardin|Cuisine|Double cuisine|vue|Vue dégagée|Jardin|parking|Abri de voiture|chauffage|Central|climatisation|Split|proximite|École|Magasin|Salle de sport|Espace vert|Restaurant(s)|Café(s)|Bureau de Poste|Banque(s)|Municipalité|Station de bus|Aéroport|École maternelle|Lycée,50,LOW,0.5,True,False,unchanged,0.0,,2026-03-24T14:02:54.549318
newkey_118549,newkey,560000.0,,,Appartement,,,سيدي محرصي,Sale,Apartment,36.4360619,10.7045291,parking,45,LOW,0.5,False,False,unchanged,0.0,,2026-03-24T16:59:39.295134
newkey_120147,newkey,260000.0,,,Appartement,,,سيدي محرصي,Sale,Apartment,36.4360619,10.7045291,,40,LOW,0.5,False,False,unchanged,0.0,,2026-03-24T16:57:57.753528
newkey_120230,newkey,,,,Maison / Villa,,,الهوارية,Sale,Land,37.0565576,11.0104527,piscine|jardin|terrasse,25,LOW,0.5,False,False,unchanged,,,2026-03-24T16:57:36.824795
newkey_119629,newkey,290000.0,,,Appartement,,,سيدي محرصي,Sale,Apartment,36.4360619,10.7045291,terrasse,45,LOW,0.5,False,False,unchanged,0.0,,2026-03-24T16:58:37.086932
newkey_119690,newkey,300000.0,,,Appartement,,,سيدي محرصي,Sale,Apartment,36.4360619,10.7045291,Espace extérieur|Jardin|vue|Jardin,45,LOW,0.5,False,False,unchanged,0.0,,2026-03-24T16:59:06.619795
newkey_119867,newkey,320000.0,,,Appartement,,,سيدي محرصي,Sale,Apartment,36.4360619,10.7045291,vue|Vue dégagée|parking|Sous-sol|chauffage|Central|climatisation|Split|proximite|École|Magasin|Salle de sport|Espace vert|Restaurant(s)|Café(s)|Bureau de Poste|Banque(s)|Station de bus|Aéroport|Lycée,45,LOW,0.5,False,False,unchanged,0.0,,2026-03-24T16:58:30.210510
newkey_120186,newkey,,,,Maison / Villa,,,الهوارية,Sale,Land,37.0565576,11.0104527,Général|Suite parentale|Chambre service|Piscine|Terrasse|Placards|Dressing|Portail électrique|Ensoleillé (e)|Cheminée|Parabole|Alimentation d'eau|Chambres Spacieuses|Hall|Haut Standing|Proche commerces|Quartier calme|Rez-de-chaussée|Sécurisé|Stores électriques|Titre foncier|Espace extérieur|Jardin|Jardin arboré|Jardin clôturé|Cuisine|Double cuisine|Cuisine équipée|Four|Hotte|Plaque|vue|Vue dégagée|Jardin|parking|Abri de voiture|chauffage|Central|climatisation|Split|proximite|École|Salle de sport|Espace vert|Restaurant(s)|Café(s)|Bureau de Poste|Banque(s)|Municipalité|Aéroport|Lycée,25,LOW,0.5,False,False,unchanged,,,2026-03-24T16:57:44.281406
newkey_120100,newkey,580000.0,,,Appartement,,,سيدي محرصي,Sale,Apartment,36.4360619,10.7045291,Général|Suite parentale|Placards|Fibre optique|Dressing|Balcon|Double Ascenseur|Double vitrage|Parabole|Chambres Spacieuses|Code d'accès|Gardien|Gaz de ville|Hall|Haut Standing|Interphone|Isolation phonique|Isolation thermique|Lumineux|Proche commerces|Proche transport|Quartier calme|Sécurisé|Stores électriques|Vidéosurveillance|Cuisine|Cuisine équipée|Four|Hotte|Plaque|parking|Sous-sol|chauffage|Central|climatisation|Centrale|proximite|École|Magasin|Salle de sport|Espace vert|Restaurant(s)|Café(s)|Bureau de Poste|Banque(s)|Municipalité|École maternelle|Lycée,45,LOW,0.5,False,False,unchanged,0.0,,2026-03-24T16:58:04.637286
newkey_120899,newkey,350000.0,,,Bureau Et Local...,,,,Sale,Commercial,,,,25,LOW,0.5,False,False,unchanged,0.0,,2026-03-24T16:56:53.127665
newkey_121127,newkey,1800.0,,,Bureau Et Local...,,,,Rent,Commercial,,,parking|meuble,30,LOW,0.5,False,False,unchanged,0.0,,2026-03-24T17:10:40.847490
newkey_120486,newkey,1250.0,,5.0,Maison / Villa,,,الهوارية,Sale,Villa,37.0565576,11.0104527,Général|Suite parentale|Piscine|Terrasse|Placards|Dressing|Portail électrique|Ensoleillé (e)|Chambres Spacieuses|Lumineux|Proche commerces|Quartier calme|Rez-de-chaussée|Sécurisé|Stores électriques|Très Haut Standing|Vidéosurveillance|Espace extérieur|Jardin|Jardin arboré|Jardin clôturé|Cuisine|Cuisine équipée|Four|Hotte|Plaque|vue|Vue artère principale|Jardin|parking|Abri de voiture|chauffage|Central|climatisation|Split|proximite|École|Magasin|Salle de sport|Espace vert|Restaurant(s)|Café(s)|Bureau de Poste|Banque(s)|Municipalité|Aéroport|Lycée,65,GOOD,1.0,True,False,unchanged,0.0,,2026-03-24T14:02:41.333574
newkey_121132,newkey,975000.0,,,Appartement,,,سيدي محرصي,Sale,Apartment,36.4360619,10.7045291,piscine|jardin|parking,45,LOW,0.5,False,False,unchanged,0.0,,2026-03-24T16:56:37.322768
newkey_120889,newkey,1250.0,,,Maison / Villa,,,الهوارية,Sale,Villa,37.0565576,11.0104527,Général|Suite parentale|Espace extérieur|Jardin|proximite|École|Magasin|Salle de sport|Espace vert|Terrain de foot ou autre|Restaurant(s)|Café(s)|Banque(s)|Station de bus|École maternelle,25,LOW,0.5,True,False,unchanged,0.0,,2026-03-24T16:57:00.168086
newkey_120857,newkey,1320.0,,,Appartement,,,سيدي محرصي,Sale,Villa,36.4360619,10.7045291,jardin,25,LOW,0.5,True,False,unchanged,0.0,,2026-03-24T16:57:07.778930
newkey_121130,newkey,1800.0,,,Bureau Et Local...,,,,Rent,Commercial,,,parking|meuble,30,LOW,0.5,False,False,unchanged,0.0,,2026-03-24T17:10:32.499507
newkey_120410,newkey,385000.0,,,Bureau Et Local...,,,,Sale,Commercial,,,,25,LOW,0.5,False,False,unchanged,0.0,,2026-03-24T16:57:29.272370
newkey_121821,newkey,330000.0,,,Appartement,,,سيدي محرصي,Sale,Villa,36.4360619,10.7045291,,40,LOW,0.5,False,False,unchanged,0.0,,2026-03-24T16:55:14.914534
newkey_122018,newkey,530000.0,,2.0,Appartement,,,سيدي محرصي,Sale,Apartment,36.4360619,10.7045291,Général|Suite parentale|Terrasse|Placards|Dressing|Ensoleillé (e)|Double vitrage|Parabole|Code d'accès|Gardien|Interphone|Isolation thermique|Lumineux|Proche commerces|Quartier calme|Rez-de-chaussée|Sécurisé|Stores électriques|Très Haut Standing|Vidéosurveillance|vue|Jardin|parking|Sous-sol|chauffage|Central|climatisation|Split|proximite|École|Magasin|Salle de sport|Espace vert|Restaurant(s)|Café(s)|Bureau de Poste|Banque(s)|Municipalité|Aéroport|Lycée,85,HIGH,1.5,False,False,unchanged,0.0,,2026-03-24T14:05:22.177060
newkey_121438,newkey,465000.0,,,Appartement,,,سيدي محرصي,Sale,Apartment,36.4360619,10.7045291,parking,45,LOW,0.5,False,False,unchanged,0.0,,2026-03-24T16:56:21.502507
newkey_121561,newkey,620000.0,,,Appartement,,,,Sale,Villa,,,jardin|garage,30,LOW,0.5,False,False,unchanged,0.0,,2026-03-24T16:56:13.689751
newkey_121769,newkey,650000.0,,,Appartement,,,سيدي محرصي,Sale,Villa,36.4360619,10.7045291,parking,45,LOW,0.5,False,False,unchanged,0.0,,2026-03-24T16:55:28.985959
newkey_121819,newkey,340000.0,,,Appartement,,,سيدي محرصي,Sale,Apartment,36.4360619,10.7045291,,40,LOW,0.5,False,False,unchanged,0.0,,2026-03-24T16:55:21.855827
newkey_121980,newkey,1400.0,,,Immeuble,,,معتمدية حي الخضراء,Sale,Apartment,36.8371327,10.24649,haut standing|jardin|meuble|terrasse,25,LOW,0.5,True,False,unchanged,0.0,,2026-03-24T16:55:01.941749
newkey_121593,newkey,215000.0,,,Appartement,,,سيدي محرصي,Sale,Villa,36.4360619,10.7045291,,40,LOW,0.5,False,False,unchanged,0.0,,2026-03-24T16:55:51.820699
newkey_122278,newkey,534000.0,,,Appartement,,,سيدي محرصي,Sale,Apartment,36.4360619,10.7045291,haut standing|jardin|parking,45,LOW,0.5,False,False,unchanged,0.0,,2026-03-24T16:54:12.069907
newkey_122217,newkey,270000.0,,,Appartement,,,سيدي محرصي,Sale,Apartment,36.4360619,10.7045291,haut standing|jardin|parking,45,LOW,0.5,False,False,unchanged,0.0,,2026-03-24T16:54:32.069809
newkey_122027,newkey,,,,Appartement,,,سيدي محرصي,Sale,Apartment,36.4360619,10.7045291,Général|Cellier|Terrasse|Ascenseur|Placards|Dressing|Balcon|Ensoleillé (e)|Chambres Spacieuses|Code d'accès|Gardien|Hall|Haut Standing|Interphone|Lumineux|Proche commerces|Quartier calme|Sécurisé|Stores électriques|Titre foncier|Cuisine|Cuisine équipée|vue|Vue dégagée|parking|Sous-sol|chauffage|Central|climatisation|Split|proximite|École|Magasin|Salle de sport|Espace vert|Restaurant(s)|Café(s)|Bureau de Poste|Banque(s)|Municipalité|Aéroport|Lycée,25,LOW,0.5,False,False,unchanged,,,2026-03-24T16:54:55.218589
newkey_122564,newkey,545000.0,,,Appartement,,,سيدي محرصي,Sale,Apartment,36.4360619,10.7045291,parking,45,LOW,0.5,False,False,unchanged,0.0,,2026-03-24T16:53:39.815786
newkey_122481,newkey,2500.0,,,Appartement,,,سيدي محرصي,Rent,Apartment,36.4360619,10.7045291,Général|Suite parentale|Terrasse|vue|Vue dégagée|parking|Sous-sol|chauffage|Central|climatisation|Split|proximite|École|Magasin|Espace vert|Restaurant(s)|Café(s)|Banque(s),45,LOW,0.5,False,False,unchanged,0.0,,2026-03-24T17:33:02.613990
newkey_122398,newkey,980000.0,,,Appartement,,,,Sale,Villa,,,haut standing|piscine|jardin|garage|ascenseur|chambre de service,30,LOW,0.5,False,False,unchanged,0.0,,2026-03-24T16:54:04.077122
newkey_122030,newkey,430000.0,,,Appartement,,,سيدي محرصي,Sale,Apartment,36.4360619,10.7045291,Général|Terrasse|Ascenseur|Placards|Dressing|Ensoleillé (e)|Code d'accès|Gardien|Hall|Lumineux|Proche commerces|Quartier calme|Sécurisé|Cuisine|Cuisine équipée|Four|Hotte|Plaque|vue|Vue dégagée|chauffage|Central|climatisation|Split|proximite|École|Magasin|Salle de sport|Espace vert|Restaurant(s)|Café(s)|Bureau de Poste|Banque(s)|Municipalité|Station de bus|Aéroport|Lycée,45,LOW,0.5,False,False,unchanged,0.0,,2026-03-24T16:54:39.785477
newkey_122561,newkey,427000.0,,,Appartement,,,سيدي محرصي,Sale,Apartment,36.4360619,10.7045291,Général|Suite parentale|vue|Vue dégagée|parking|Sous-sol|chauffage|Central|climatisation|Split|proximite|École|Magasin|Salle de sport|Espace vert|Restaurant(s)|Café(s)|Bureau de Poste|Banque(s)|Station de métro|Aéroport|École maternelle|Lycée,45,LOW,0.5,False,False,unchanged,0.0,,2026-03-24T16:53:47.713971
newkey_122277,newkey,328000.0,,,Appartement,,,سيدي محرصي,Sale,Apartment,36.4360619,10.7045291,haut standing|jardin|parking,45,LOW,0.5,False,False,unchanged,0.0,,2026-03-24T16:54:19.738675
newkey_122835,newkey,685000.0,,,Appartement,,,سيدي محرصي,Sale,Apartment,36.4360619,10.7045291,jardin,45,LOW,0.5,False,False,unchanged,0.0,,2026-03-24T16:58:59.176774
newkey_122697,newkey,3700.0,,,Appartement,,,,Rent,Villa,,,Général|Suite parentale|Chambre service|Espace extérieur|Jardin|vue|Vue dégagée|parking|Sous-sol|Privé|Sécurisé|chauffage|Central|climatisation|Split|proximite|École|Magasin|Salle de sport|Espace vert|Terrain de foot ou autre|Restaurant(s)|Café(s)|Banque(s)|Station de bus|École maternelle|Lycée,30,LOW,0.5,False,False,unchanged,0.0,,2026-03-24T17:32:56.321111
newkey_122701,newkey,4100.0,,,Appartement,,,,Rent,Villa,,,Général|Suite parentale|Espace extérieur|Jardin|vue|Vue dégagée|Jardin|parking|Sous-sol|chauffage|Central|climatisation|Split|proximite|École|Magasin|Salle de sport|Espace vert|Restaurant(s)|Café(s)|Bureau de Poste|Banque(s)|École maternelle|Lycée,30,LOW,0.5,False,False,unchanged,0.0,,2026-03-24T17:32:49.435542
newkey_122831,newkey,1100.0,,,Appartement,,,سيدي محرصي,Rent,Apartment,36.4360619,10.7045291,,40,LOW,0.5,False,False,unchanged,0.0,,2026-03-24T17:32:05.040995
newkey_122823,newkey,1600.0,,,Bureau Et Local...,,,,Rent,Commercial,,,,25,LOW,0.5,False,False,unchanged,0.0,,2026-03-24T17:32:11.816173
newkey_122694,newkey,750000.0,,,Maison / Villa,,,الهوارية,Sale,Villa,37.0565576,11.0104527,chauffage central|climatisation|chambre de service,45,LOW,0.5,False,False,unchanged,0.0,,2026-03-24T16:53:32.609863
newkey_122799,newkey,2700.0,,,Appartement,,,سيدي محرصي,Rent,Apartment,36.4360619,10.7045291,Général|Suite parentale|vue|Vue dégagée|parking|Sous-sol|Place de parking|chauffage|Central|climatisation|Split|proximite|École|Magasin|Salle de sport|Espace vert|Terrain de foot ou autre|Restaurant(s)|Café(s)|Banque(s)|Station de bus|École maternelle|Lycée,45,LOW,0.5,False,False,unchanged,0.0,,2026-03-24T17:12:44.341404
newkey_122740,newkey,2600.0,,,Appartement,,,سيدي محرصي,Rent,Apartment,36.4360619,10.7045291,Général|Suite parentale|vue|Vue dégagée|parking|Sous-sol|Place de parking|chauffage|Central|climatisation|Split|proximite|École|Magasin|Salle de sport|Espace vert|Terrain de foot ou autre|Restaurant(s)|Café(s)|Banque(s)|Station de bus|École maternelle|Lycée,45,LOW,0.5,False,False,unchanged,0.0,,2026-03-24T17:32:35.972404
newkey_122821,newkey,4000.0,,,Maison / Villa,,,الهوارية,Rent,Villa,37.0565576,11.0104527,piscine|jardin,45,LOW,0.5,False,False,unchanged,0.0,,2026-03-24T17:32:29.549080
newkey_122624,newkey,1900.0,,,Appartement,,,سيدي محرصي,Rent,Apartment,36.4360619,10.7045291,terrasse,45,LOW,0.5,False,False,unchanged,0.0,,2026-03-24T17:32:41.725225
newkey_123092,newkey,830000.0,,,Appartement,,,سيدي محرصي,Sale,Apartment,36.4360619,10.7045291,jardin,45,LOW,0.5,False,False,unchanged,0.0,,2026-03-24T16:52:50.786949
newkey_122982,newkey,,,,Appartement,,,سيدي محرصي,Sale,Apartment,36.4360619,10.7045291,Général|Suite parentale|Ascenseur|Placards|Dressing|Ensoleillé (e)|Parabole|Code d'accès|Gardien|Interphone|Kitchenette|Lumineux|Proche commerces|Quartier calme|Rez-de-chaussée|Sécurisé|Stores électriques|Très Haut Standing|Vidéosurveillance|Espace extérieur|Jardin|Cuisine|Cuisine équipée|vue|Jardin|parking|Sous-sol|chauffage|Central|climatisation|Split|proximite|École|Magasin|Salle de sport|Espace vert|Restaurant(s)|Café(s)|Bureau de Poste|Banque(s)|Municipalité|Station de bus|Aéroport|Lycée,25,LOW,0.5,False,False,unchanged,,,2026-03-24T16:52:57.612058
newkey_122909,newkey,320000.0,,,Appartement,,,سيدي محرصي,Sale,Apartment,36.4360619,10.7045291,Général|Terrasse|Ascenseur|Dressing|Ensoleillé (e)|Code d'accès|Gardien|Interphone|Lumineux|Proche commerces|Proche transport|Quartier calme|Rez-de-chaussée|Sécurisé|Stores électriques|Très Haut Standing|Vidéosurveillance|Cuisine|Cuisine équipée|vue|Jardin|parking|Sous-sol|chauffage|Central|climatisation|Split|proximite|École|Magasin|Salle de sport|Espace vert|Restaurant(s)|Café(s)|Banque(s)|Municipalité|Station de bus|Aéroport|Lycée,45,LOW,0.5,False,False,unchanged,0.0,,2026-03-24T16:53:27.619023
newkey_123044,newkey,1800.0,,,Appartement,,,سيدي محرصي,Rent,Apartment,36.4360619,10.7045291,jardin|parking,45,LOW,0.5,False,False,unchanged,0.0,,2026-03-24T17:31:20.353504
newkey_122905,newkey,5800.0,,,Maison / Villa,,,الهوارية,Rent,Villa,37.0565576,11.0104527,piscine|jardin|chauffage central|climatisation|meuble,45,LOW,0.5,False,False,unchanged,0.0,,2026-03-24T17:31:43.852614
newkey_122850,newkey,215000.0,,,Appartement,,,سيدي محرصي,Sale,Land,36.4360619,10.7045291,,40,LOW,0.5,False,False,unchanged,0.0,,2026-03-24T16:53:20.499242
newkey_122897,newkey,1800.0,,,Bureau Et Local...,,,,Rent,Commercial,,,parking,30,LOW,0.5,False,False,unchanged,0.0,,2026-03-24T17:31:58.098737
newkey_122978,newkey,,,,Appartement,,,سيدي محرصي,Sale,Apartment,36.4360619,10.7045291,haut standing|jardin|parking,25,LOW,0.5,False,False,unchanged,,,2026-03-24T16:53:13.492022
newkey_123040,newkey,3500.0,,,Maison / Villa,,,الهوارية,Rent,Villa,37.0565576,11.0104527,jardin|garage|chauffage central|climatisation,45,LOW,0.5,False,False,unchanged,0.0,,2026-03-24T17:31:36.761630
newkey_122903,newkey,1050.0,,,Appartement,,,سيدي محرصي,Rent,Apartment,36.4360619,10.7045291,jardin|parking,45,LOW,0.5,False,False,unchanged,0.0,,2026-03-24T17:31:50.332576
newkey_123208,newkey,790000.0,,,Appartement,,,سيدي محرصي,Sale,Apartment,36.4360619,10.7045291,parking|terrasse,45,LOW,0.5,False,False,unchanged,0.0,,2026-03-24T16:52:22.728955
newkey_123111,newkey,900.0,,,Bureau Et Local...,,,,Rent,Commercial,,,,25,LOW,0.5,False,False,unchanged,0.0,,2026-03-24T17:31:04.724378
newkey_123115,newkey,1500.0,,,Bureau Et Local...,,,,Rent,Commercial,,,,25,LOW,0.5,False,False,unchanged,0.0,,2026-03-24T17:30:49.174009
newkey_123134,newkey,1300.0,,,Appartement,,,سيدي محرصي,Rent,Apartment,36.4360619,10.7045291,parking,45,LOW,0.5,False,False,unchanged,0.0,,2026-03-24T17:30:19.535417
newkey_123113,newkey,1500.0,,,Bureau Et Local...,,,,Rent,Commercial,,,,25,LOW,0.5,False,False,unchanged,0.0,,2026-03-24T17:30:56.692106
newkey_123138,newkey,2500.0,,,Appartement,,,سيدي محرصي,Rent,Apartment,36.4360619,10.7045291,Général|Placards|Fibre optique|Dressing|Alarme|Balcon|Double Ascenseur|Double vitrage|Parabole|Wi-fi|Accès handicapé|Alarme incendie|Alimentation d'eau|Chambres Spacieuses|Code d'accès|Gardien|Gaz de ville|Haut Standing|Interphone|Isolation phonique|Isolation thermique|Lave vaisselle|Lumineux|Machine à laver|Micro onde|Proche commerces|Proche transport|Puissance électrique|Quartier calme|Réfrigérateur|Réseau internet|Sécurisé|Stores électriques|TV|Video-phone|Cuisine|Cuisine équipée|Four|Hotte|Plaque|vue|Vue dégagée|parking|Sous-sol|chauffage|Central|climatisation|Split|proximite|École|Magasin|Salle de sport|Espace vert|Restaurant(s)|Café(s)|Bureau de Poste|Banque(s)|Municipalité|École maternelle|Lycée,45,LOW,0.5,False,False,unchanged,0.0,,2026-03-24T17:30:43.333446
newkey_123220,newkey,211000.0,,,Appartement,,,سيدي محرصي,Sale,Apartment,36.4360619,10.7045291,Général|Suite parentale|Terrasse|Espace extérieur|Jardin|vue|Vue dégagée|Jardin|parking|Sous-sol|Sécurisé|chauffage|Central|climatisation|Split|proximite|École|Magasin|Espace vert|Café(s),45,LOW,0.5,False,False,unchanged,0.0,,2026-03-24T16:52:06.760154
newkey_123100,newkey,3050.0,,,Maison / Villa,,,الهوارية,Sale,Villa,37.0565576,11.0104527,jardin|parking|chauffage central|climatisation|ascenseur|terrasse,25,LOW,0.5,True,False,unchanged,0.0,,2026-03-24T16:52:43.091739
newkey_123191,newkey,850000.0,,,Bureau Et Local...,,,,Sale,Commercial,,,terrasse,30,LOW,0.5,False,False,unchanged,0.0,,2026-03-24T16:52:30.386458
newkey_123524,newkey,3200.0,,,Appartement,,,سيدي محرصي,Rent,Apartment,36.4360619,10.7045291,parking|meuble,45,LOW,0.5,False,False,unchanged,0.0,,2026-03-24T17:27:46.262196
newkey_123461,newkey,5000.0,,,Maison / Villa,,,الهوارية,Rent,Villa,37.0565576,11.0104527,jardin|garage|chauffage central|climatisation,45,LOW,0.5,False,False,unchanged,0.0,,2026-03-24T17:28:22.848072
newkey_123384,newkey,1500.0,,,Appartement,,,سيدي محرصي,Rent,Apartment,36.4360619,10.7045291,Général|Terrasse|vue|Vue dégagée|parking|Sous-sol|Place de parking|chauffage|Central|climatisation|Split|proximite|Magasin|Salle de sport|Espace vert|Terrain de foot ou autre|Café(s)|Banque(s)|Station de bus|École maternelle,45,LOW,0.5,False,False,unchanged,0.0,,2026-03-24T17:29:23.536880
newkey_123342,newkey,5500.0,,,Maison / Villa,,,,Rent,Commercial,,,jardin|meuble|terrasse,30,LOW,0.5,False,False,unchanged,0.0,,2026-03-24T17:30:06.999997
newkey_123269,newkey,1300.0,,,Maison / Villa,,,الهوارية,Sale,Villa,37.0565576,11.0104527,piscine|jardin|garage,25,LOW,0.5,True,False,unchanged,0.0,,2026-03-24T16:51:59.102498
newkey_123445,newkey,2600.0,,,Maison / Villa,,,الهوارية,Rent,Villa,37.0565576,11.0104527,Espace extérieur|Jardin|Jardin arboré|Général|Terrasse|Placards|Chambres Spacieuses|Lumineux|Quartier calme|Cuisine|Plaque|parking|Garage|chauffage|Central|climatisation|Split|proximite|École|Magasin|Restaurant(s)|Bureau de Poste|Banque(s)|Municipalité|Aéroport|Lycée,45,LOW,0.5,False,False,unchanged,0.0,,2026-03-24T17:28:29.962391
newkey_123408,newkey,3500.0,,,Appartement,,,,Rent,Commercial,,,Général|Suite parentale|Dernier étage|Terrasse|Ascenseur|Placards|Dressing|Ensoleillé (e)|Buanderie|Chambres Spacieuses|Kitchenette|Lumineux|Machine à laver|Quartier calme|Réfrigérateur|Sécurisé|Stores électriques|Très Haut Standing|Cuisine|Cuisine équipée|vue|Vue dégagée|parking|Abri de voiture|Sécurisé|chauffage|Central|climatisation|Split|proximite|École|Magasin|Salle de sport|Espace vert|Restaurant(s)|Café(s)|Bureau de Poste|Banque(s)|Municipalité|Aéroport|Lycée,30,LOW,0.5,False,False,unchanged,0.0,,2026-03-24T17:29:50.673962
newkey_123398,newkey,4500.0,,,Maison / Villa,,,الهوارية,Rent,Commercial,37.0565576,11.0104527,terrasse,45,LOW,0.5,False,False,unchanged,0.0,,2026-03-24T17:29:09.594819
newkey_123423,newkey,2500.0,,,Appartement,,,سيدي محرصي,Rent,Apartment,36.4360619,10.7045291,jardin|parking|meuble,45,LOW,0.5,False,False,unchanged,0.0,,2026-03-24T17:29:38.284458
newkey_123403,newkey,1700.0,,,Appartement,,,سيدي محرصي,Rent,Apartment,36.4360619,10.7045291,Général|Suite parentale|Piscine|Terrasse|Ascenseur|Placards|Dressing|Parabole|Code d'accès|Haut Standing|Interphone|Lumineux|Machine à laver|Quartier calme|Réfrigérateur|Sécurisé|Stores électriques|vue|Vue dégagée|parking|Sous-sol|chauffage|Central|climatisation|Centrale|Split|proximite|École|Magasin|Salle de sport|Espace vert|Restaurant(s)|Café(s)|Bureau de Poste|Banque(s)|Municipalité|Aéroport|Lycée,45,LOW,0.5,False,False,unchanged,0.0,,2026-03-24T17:28:36.746484
newkey_123564,newkey,1500.0,,,Bureau Et Local...,,,,Rent,Commercial,,,,25,LOW,0.5,False,False,unchanged,0.0,,2026-03-24T17:28:07.341895
newkey_123566,newkey,2500.0,,,Bureau Et Local...,,,,Rent,Commercial,,,,25,LOW,0.5,False,False,unchanged,0.0,,2026-03-24T17:28:00.837646
newkey_123626,newkey,1350.0,,,Appartement,,,سيدي محرصي,Rent,Villa,36.4360619,10.7045291,chauffage central|climatisation,45,LOW,0.5,False,False,unchanged,0.0,,2026-03-24T17:27:30.943745
newkey_123639,newkey,1700.0,,,Maison / Villa,,,الهوارية,Rent,Villa,37.0565576,11.0104527,meuble|terrasse,45,LOW,0.5,False,False,unchanged,0.0,,2026-03-24T17:27:17.177158
newkey_123621,newkey,5000.0,,,Maison / Villa,,,,Rent,Villa,,,jardin|garage,30,LOW,0.5,False,False,unchanged,0.0,,2026-03-24T17:27:37.912991
newkey_123529,newkey,1600.0,,,Appartement,,,سيدي محرصي,Sale,Apartment,36.4360619,10.7045291,jardin|parking,25,LOW,0.5,True,False,unchanged,0.0,,2026-03-24T16:51:44.118222
newkey_123530,newkey,2400.0,,,Appartement,,,سيدي محرصي,Rent,Apartment,36.4360619,10.7045291,Général|Placards|Fibre optique|Dressing|Balcon|Double Ascenseur|Double vitrage|Chambres Spacieuses|Code d'accès|Gardien|Gaz de ville|Hall|Haut Standing|Interphone|Isolation phonique|Isolation thermique|Lumineux|Proche commerces|Proche transport|Quartier calme|Sécurisé|Stores électriques|Très Haut Standing|Video-phone|Cuisine|Cuisine équipée|Four|Hotte|Plaque|vue|Vue dégagée|parking|Abri de voiture|Place de parking|chauffage|Central|climatisation|Centrale|proximite|École|Magasin|Salle de sport|Restaurant(s)|Café(s)|Bureau de Poste|Banque(s)|École maternelle|Lycée,45,LOW,0.5,False,False,unchanged,0.0,,2026-03-24T17:28:14.750235
newkey_123672,newkey,1350.0,,,Appartement,,,سيدي محرصي,Rent,Apartment,36.4360619,10.7045291,parking|Sous-sol|Place de parking|chauffage|Central|climatisation|Split|proximite|École|Magasin|Salle de sport|Espace vert|Restaurant(s)|Café(s)|Banque(s)|Station de bus|École maternelle,45,LOW,0.5,False,False,unchanged,0.0,,2026-03-24T17:27:11.863275
newkey_123632,newkey,1200.0,,,Appartement,,,سيدي محرصي,Rent,Apartment,36.4360619,10.7045291,jardin,45,LOW,0.5,False,False,unchanged,0.0,,2026-03-24T17:27:23.933584
newkey_123800,newkey,2500.0,,,Bureau Et Local...,,,,Rent,Commercial,,,parking|meuble,30,LOW,0.5,False,False,unchanged,0.0,,2026-03-24T17:26:50.147575
newkey_124027,newkey,330000.0,,,Appartement,,,سيدي محرصي,Sale,Apartment,36.4360619,10.7045291,terrasse,45,LOW,0.5,False,False,unchanged,0.0,,2026-03-24T16:50:16.299150
newkey_123954,newkey,900000.0,,,Terrain,,,,Sale,Land,36.8326074,10.0984587,,35,LOW,0.5,False,False,unchanged,0.0,,2026-03-24T16:51:00.226094
newkey_123960,newkey,235000.0,,,Appartement,,,سيدي محرصي,Sale,Apartment,36.4360619,10.7045291,,40,LOW,0.5,False,False,unchanged,0.0,,2026-03-24T16:50:54.092198
newkey_123794,newkey,1450.0,,,Appartement,,,سيدي محرصي,Rent,Apartment,36.4360619,10.7045291,jardin|parking,45,LOW,0.5,False,False,unchanged,0.0,,2026-03-24T17:26:56.485272
newkey_123804,newkey,900000.0,,,Terrain,,,,Sale,Land,36.8326074,10.0984587,,35,LOW,0.5,False,False,unchanged,0.0,,2026-03-24T16:51:14.228668
newkey_123992,newkey,3200.0,,,Appartement,,,سيدي محرصي,Rent,Apartment,36.4360619,10.7045291,jardin,45,LOW,0.5,False,False,unchanged,0.0,,2026-03-24T17:26:33.802335
newkey_124015,newkey,1600.0,,,Appartement,,,سيدي محرصي,Rent,Apartment,36.4360619,10.7045291,Général|Fibre optique|Dressing|Alarme|Balcon|Double Ascenseur|Double vitrage|Alarme incendie|Alimentation d'eau|Chambres Spacieuses|Code d'accès|Gardien|Gaz de ville|Hall|Isolation phonique|Isolation thermique|Kitchenette|Lave vaisselle|Lumineux|Proche commerces|Proche transport|Quartier calme|Réseau internet|Sécurisé|Stores électriques|Cuisine|Cuisine équipée|Four|Hotte|Plaque|vue|Vue dégagée|parking|Sous-sol|chauffage|Central|climatisation|Centrale|proximite|École|Magasin|Salle de sport|Espace vert|Restaurant(s)|Café(s)|Bureau de Poste|Banque(s)|Municipalité|École maternelle|Lycée,45,LOW,0.5,False,False,unchanged,0.0,,2026-03-24T17:26:26.632354
newkey_123862,newkey,95000.0,,,Bureau Et Local...,,,,Sale,Commercial,,,terrasse,30,LOW,0.5,False,False,unchanged,0.0,,2026-03-24T16:51:07.598477
newkey_123953,newkey,3000.0,,,Appartement,,,سيدي محرصي,Rent,Apartment,36.4360619,10.7045291,jardin|parking|terrasse,45,LOW,0.5,False,False,unchanged,0.0,,2026-03-24T17:26:41.713008
newkey_124051,newkey,1200.0,,,Bureau Et Local...,,,,Rent,Commercial,,,meuble|terrasse,30,LOW,0.5,False,False,unchanged,0.0,,2026-03-24T17:26:19.847217
newkey_124048,newkey,835000.0,,,Appartement,,,,Sale,Villa,,,jardin|climatisation|chambre de service|terrasse,30,LOW,0.5,False,False,unchanged,0.0,,2026-03-24T16:50:41.581294
newkey_124031,newkey,277000.0,,,Appartement,,,سيدي محرصي,Sale,Villa,36.4360619,10.7045291,haut standing|piscine,45,LOW,0.5,False,False,unchanged,0.0,,2026-03-24T16:50:09.059055
newkey_124049,newkey,820000.0,,4.0,Appartement,,,,Sale,Villa,,,jardin,70,GOOD,1.0,False,False,unchanged,0.0,,2026-03-24T14:02:00.171372
newkey_124029,newkey,1200.0,,,Maison / Villa,,,الهوارية,Rent,Villa,37.0565576,11.0104527,,40,LOW,0.5,False,False,unchanged,0.0,,2026-03-24T17:25:55.594719
newkey_124109,newkey,1300.0,,,Appartement,,,سيدي محرصي,Sale,Apartment,36.4360619,10.7045291,jardin|parking|chambre de service,25,LOW,0.5,True,False,unchanged,0.0,,2026-03-24T16:50:01.854667
newkey_124047,newkey,700000.0,,,Terrain,,,,Sale,Land,36.8326074,10.0984587,,35,LOW,0.5,False,False,unchanged,0.0,,2026-03-24T16:50:48.482200
newkey_124108,newkey,3800.0,,,Appartement,,,سيدي محرصي,Rent,Apartment,36.4360619,10.7045291,jardin|parking|chambre de service,45,LOW,0.5,False,False,unchanged,0.0,,2026-03-24T17:25:49.235663
newkey_124071,newkey,1400.0,,,Bureau Et Local...,,,,Rent,Commercial,,,climatisation,30,LOW,0.5,False,False,unchanged,0.0,,2026-03-24T17:26:03.845658
newkey_124059,newkey,250000.0,,,Appartement,,,سيدي محرصي,Sale,Apartment,36.4360619,10.7045291,parking|terrasse,45,LOW,0.5,False,False,unchanged,0.0,,2026-03-24T16:50:24.203834
newkey_124172,newkey,1400.0,,,Maison / Villa,,,,Rent,Villa,,,,25,LOW,0.5,False,False,unchanged,0.0,,2026-03-24T17:25:12.334888
newkey_124138,newkey,7000.0,,,Maison / Villa,,,,Rent,Villa,,,Général|Suite parentale|Piscine|Terrasse|Espace extérieur|Jardin,30,LOW,0.5,False,False,unchanged,0.0,,2026-03-24T17:25:34.863166
newkey_124117,newkey,258000.0,,,Appartement,,,سيدي محرصي,Sale,Apartment,36.4360619,10.7045291,vue|Banlieue|parking|Collectif|chauffage|Central|climatisation|Split,45,LOW,0.5,False,False,unchanged,0.0,,2026-03-24T16:49:54.673959
newkey_124112,newkey,1100.0,,,Appartement,,,سيدي محرصي,Rent,Apartment,36.4360619,10.7045291,,40,LOW,0.5,False,False,unchanged,0.0,,2026-03-24T17:25:41.244245
newkey_124355,newkey,2400.0,,,Appartement,,,سيدي محرصي,Rent,Apartment,36.4360619,10.7045291,Général|Ascenseur|Dressing|Alarme|Double vitrage|Alarme incendie|Alimentation d'eau|Code d'accès|Gardien|Gaz de ville|Hall|Haut Standing|Interphone|Isolation phonique|Isolation thermique|Lumineux|Proche commerces|Proche transport|Quartier calme|Réseau internet|Stores électriques|Très Haut Standing|Cuisine|Cuisine équipée|Four|Hotte|Plaque|parking|Sous-sol|Place de parking|chauffage|Central|climatisation|Split|proximite|École|Magasin|Salle de sport|Restaurant(s)|Café(s)|Bureau de Poste|Banque(s)|Municipalité|École maternelle|Lycée,45,LOW,0.5,False,False,unchanged,0.0,,2026-03-24T17:25:05.384916
newkey_124356,newkey,1800.0,,2.0,Appartement,,,سيدي محرصي,Rent,Apartment,36.4360619,10.7045291,Général|Suite parentale|Placards|Fibre optique|Dressing|Alarme|Double Ascenseur|Double vitrage|Parabole|Accès handicapé|Alimentation d'eau|Chambres Spacieuses|Code d'accès|Gardien|Gaz de ville|Hall|Interphone|Isolation phonique|Isolation thermique|Lumineux|Proche commerces|Proche transport|Puissance électrique|Quartier calme|Rez-de-chaussée|Sécurisé|Stores électriques|Très Haut Standing|Video-phone|Cuisine|Cuisine équipée|Four|Hotte|Plaque|vue|Jardin|parking|Sous-sol|chauffage|Central|climatisation|Split|proximite|École|Magasin|Salle de sport|Espace vert|Restaurant(s)|Café(s)|Bureau de Poste|Banque(s)|Municipalité|École maternelle|Lycée,85,HIGH,1.5,False,False,unchanged,0.0,,2026-03-24T14:43:45.189738
newkey_124158,newkey,5000.0,,,Maison / Villa,,,,Rent,Villa,,,Général|Terrasse,30,LOW,0.5,False,False,unchanged,0.0,,2026-03-24T17:24:52.597565
newkey_124373,newkey,7000.0,,,Maison / Villa,,,,Rent,Villa,,,haut standing|piscine|jardin|chambre de service,30,LOW,0.5,False,False,unchanged,0.0,,2026-03-24T17:24:41.964391
newkey_124149,newkey,1900.0,,,Appartement,,,سيدي محرصي,Rent,Apartment,36.4360619,10.7045291,Général|Suite parentale|vue|Vue dégagée|parking|Sous-sol|chauffage|Central|climatisation|Split|proximite|École|Magasin|Salle de sport|Espace vert|Restaurant(s)|Café(s)|Banque(s),45,LOW,0.5,False,False,unchanged,0.0,,2026-03-24T17:25:27.885171
newkey_124359,newkey,2500.0,,,Maison / Villa,,,,Rent,Villa,,,chauffage central,30,LOW,0.5,False,False,unchanged,0.0,,2026-03-24T17:24:58.595258
newkey_124570,newkey,3000.0,,,Appartement,,,سيدي محرصي,Rent,Apartment,36.4360619,10.7045291,Général|Suite parentale|Cellier|Ascenseur|Placards|Fibre optique|Dressing|Alarme|Balcon|Double vitrage|Parabole|Accès handicapé|Chambres Spacieuses|Code d'accès|Gardien|Gaz de ville|Hall|Haut Standing|Isolation phonique|Isolation thermique|Jacuzzi|Lave vaisselle|Lumineux|Proche commerces|Proche transport|Puissance électrique|Quartier calme|Sécurisé|Stores électriques|Très Haut Standing|Video-phone|Cuisine|Cuisine équipée|Four|Hotte|Plaque|vue|Vue dégagée|parking|Sous-sol|chauffage|Central|climatisation|Centrale|proximite|École|Magasin|Salle de sport|Espace vert|Restaurant(s)|Café(s)|Bureau de Poste|Banque(s)|Municipalité|Station de bus|École maternelle|Lycée,45,LOW,0.5,False,False,unchanged,0.0,,2026-03-24T17:23:53.978975
newkey_124448,newkey,1300.0,,,Maison / Villa,,,,Rent,Villa,,,,25,LOW,0.5,False,False,unchanged,0.0,,2026-03-24T17:24:34.109026
newkey_124542,newkey,1950.0,,,Appartement,,,سيدي محرصي,Rent,Apartment,36.4360619,10.7045291,Général|Cellier|Dernier étage|vue|Vue dégagée,45,LOW,0.5,False,False,unchanged,0.0,,2026-03-24T17:24:13.730412
newkey_124559,newkey,2800.0,,,Maison / Villa,,,,Rent,Villa,,,Général|Terrasse|Dressing|Alarme|Ensoleillé (e)|Chambres Spacieuses|Haut Standing|Lumineux|Quartier calme|Vidéosurveillance|Cuisine|Cuisine équipée|vue|Vue dégagée|parking|Sous-sol|Place de parking|chauffage|Central|climatisation|Split|proximite|École|Magasin|Café(s)|Municipalité|Aéroport,30,LOW,0.5,False,False,unchanged,0.0,,2026-03-24T17:23:47.596734
newkey_124587,newkey,2300.0,,,Appartement,,,سيدي محرصي,Rent,Villa,36.4360619,10.7045291,meuble|terrasse,45,LOW,0.5,False,False,unchanged,0.0,,2026-03-24T17:23:30.338917
newkey_124545,newkey,3200.0,,,Appartement,,,سيدي محرصي,Rent,Apartment,36.4360619,10.7045291,parking|meuble,45,LOW,0.5,False,False,unchanged,0.0,,2026-03-24T17:24:00.615074
newkey_124562,newkey,295000.0,,,Terrain,,,,Sale,Land,36.8326074,10.0984587,,35,LOW,0.5,False,False,unchanged,0.0,,2026-03-24T16:49:46.605690
newkey_124623,newkey,920000.0,,,Maison / Villa,,,الهوارية,Sale,Villa,37.0565576,11.0104527,piscine|jardin|ascenseur|terrasse,45,LOW,0.5,False,False,unchanged,0.0,,2026-03-24T16:49:33.445663
newkey_124544,newkey,4500.0,,,Appartement,,,سيدي محرصي,Rent,Apartment,36.4360619,10.7045291,parking|meuble,45,LOW,0.5,False,False,unchanged,0.0,,2026-03-24T17:24:07.301982
newkey_124523,newkey,2600.0,,,Appartement,,,سيدي محرصي,Rent,Apartment,36.4360619,10.7045291,Général|Suite parentale|Ascenseur|Placards|Fibre optique|Dressing|Alarme|Balcon|Double Ascenseur|Wi-fi|Accès handicapé|Alimentation d'eau|Chambres Spacieuses|Code d'accès|Gardien|Gaz de ville|Hall|Haut Standing|Interphone|Kitchenette|Lave vaisselle|Lumineux|Machine à laver|Micro onde|Proche commerces|Proche transport|Quartier calme|Réfrigérateur|Réseau internet|Sécurisé|Très Haut Standing|TV|Video-phone|Vidéosurveillance|Cuisine|Cuisine équipée|Four|Hotte|Plaque|vue|Ville|parking|Individuel|Sous-sol|Place de parking|chauffage|Central|Gaz|climatisation|Centrale|proximite|École|Magasin|Salle de sport|Espace vert|Terrain de foot ou autre|Restaurant(s)|Café(s)|Salle de cinéma / Théâtre|Bureau de Poste|Banque(s)|Municipalité|Station de métro|Station de bus|Aéroport|École maternelle|Lycée,45,LOW,0.5,False,False,unchanged,0.0,,2026-03-24T17:24:20.164823
newkey_124757,newkey,3500.0,,2.0,Appartement,,,سيدي محرصي,Rent,Apartment,36.4360619,10.7045291,parking,85,HIGH,1.5,False,False,unchanged,0.0,,2026-03-24T14:41:11.422280
newkey_124742,newkey,2800.0,,,Maison / Villa,,,الهوارية,Rent,Villa,37.0565576,11.0104527,jardin|garage|chambre de service,45,LOW,0.5,False,False,unchanged,0.0,,2026-03-24T17:22:54.379562
newkey_124743,newkey,370000.0,,,Appartement,,,سيدي محرصي,Sale,Commercial,36.4360619,10.7045291,parking|climatisation,45,LOW,0.5,False,False,unchanged,0.0,,2026-03-24T16:49:11.476308
newkey_124730,newkey,3200.0,,,Maison / Villa,,,,Rent,Villa,,,jardin,30,LOW,0.5,False,False,unchanged,0.0,,2026-03-24T17:23:01.626741
newkey_124702,newkey,980000.0,,4.0,Maison / Villa,,,الهوارية,Sale,Villa,37.0565576,11.0104527,Général|Suite parentale|Cellier|Terrasse|Placards|Dressing|Balcon|Ensoleillé (e)|Chambres Spacieuses|Hall|Haut Standing|Jacuzzi|Lumineux|Quartier calme|Réfrigérateur|Sécurisé|Stores électriques|Espace extérieur|Jardin|Jardin arboré|Jardin clôturé|Cuisine|Cuisine équipée|Four|Hotte|Plaque|vue|Vue dégagée|parking|Abri de voiture|chauffage|Central|climatisation|Split|proximite|École|Magasin|Salle de sport|Espace vert|Restaurant(s)|Café(s)|Bureau de Poste|Banque(s)|Municipalité|Aéroport|Lycée,85,HIGH,1.5,False,False,unchanged,0.0,,2026-03-24T13:57:47.227606
newkey_124665,newkey,5000.0,,,Maison / Villa,,,الهوارية,Rent,Villa,37.0565576,11.0104527,piscine|jardin|garage|meuble,45,LOW,0.5,False,False,unchanged,0.0,,2026-03-24T17:23:23.677220
newkey_124657,newkey,2200.0,,,Appartement,,,سيدي محرصي,Rent,Apartment,36.4360619,10.7045291,piscine|jardin|parking|meuble,45,LOW,0.5,False,False,unchanged,0.0,,2026-03-24T17:23:09.478855
newkey_124683,newkey,2000.0,,,Appartement,,,سيدي محرصي,Rent,Apartment,36.4360619,10.7045291,Général|Dernier étage|Terrasse|vue|Banlieue|Vue dégagée|parking|Sous-sol|chauffage|Central|climatisation|Split|proximite|Magasin|Salle de sport|Restaurant(s)|Café(s)|Banque(s)|Aéroport,45,LOW,0.5,False,False,unchanged,0.0,,2026-03-24T17:23:17.121633
newkey_124768,newkey,220000.0,,,Appartement,,,سيدي محرصي,Sale,Apartment,36.4360619,10.7045291,Général|Suite parentale|Espace extérieur|Jardin|vue|Banlieue|Vue dégagée|parking|Sous-sol|chauffage|Central|climatisation|Split|proximite|Restaurant(s)|Café(s)|Aéroport,45,LOW,0.5,False,False,unchanged,0.0,,2026-03-24T16:49:03.974378
newkey_124905,newkey,1400.0,,2.0,Appartement,,,سيدي محرصي,Rent,Apartment,36.4360619,10.7045291,vue|Banlieue|Vue montagne|Vue dégagée|parking|Sous-sol|chauffage|Central|climatisation|Split|proximite|École|Magasin|Salle de sport|Espace vert|Terrain de foot ou autre|Restaurant(s)|Café(s)|Aéroport|Lycée,85,HIGH,1.5,False,False,unchanged,0.0,,2026-03-24T14:32:01.677100
newkey_124766,newkey,3500.0,,2.0,Appartement,TUNIS,north,سيدي محرصي,Rent,Apartment,36.4360619,10.7045291,haut standing|parking|meuble,95,HIGH,1.5,False,False,unchanged,0.0,,2026-03-24T14:41:17.556208
newkey_124907,newkey,2100.0,,1.0,Appartement,,,سيدي محرصي,Rent,Apartment,36.4360619,10.7045291,Général|Piscine|Ascenseur|Placards|Fibre optique|Dressing|Portail électrique|Alarme|Balcon|Double vitrage|Parabole|Wi-fi|Accès handicapé|Chambres Spacieuses|Code d'accès|Gardien|Gaz de ville|Hall|Interphone|Isolation phonique|Isolation thermique|Lave vaisselle|Lumineux|Machine à laver|Micro onde|Proche commerces|Proche transport|Puissance électrique|Quartier calme|Réfrigérateur|Réseau internet|Sécurisé|Stores électriques|Très Haut Standing|TV|Video-phone|Vidéosurveillance|Cuisine|Cuisine équipée|Four|Hotte|Plaque|vue|Vue dégagée|parking|Sous-sol|chauffage|Central|climatisation|Centrale|proximite|École|Magasin|Salle de sport|Espace vert|Restaurant(s)|Café(s)|Bureau de Poste|Banque(s)|Municipalité|Station de bus|École maternelle|Lycée,85,HIGH,1.5,False,False,unchanged,0.0,,2026-03-24T14:40:48.812453
newkey_124951,newkey,1200.0,,2.0,Appartement,ARIANA,north,سيدي محرصي,Rent,Apartment,36.4360619,10.7045291,parking,95,HIGH,1.5,False,False,unchanged,0.0,,2026-03-24T14:40:10.890782
newkey_124851,newkey,3500.0,,4.0,Appartement,TUNIS,north,سيدي محرصي,Rent,Apartment,36.4360619,10.7045291,Général|Suite parentale|Cellier|Ascenseur|Placards|Fibre optique|Dressing|Alarme|Double Ascenseur|Accès handicapé|Alarme incendie|Alimentation d'eau|Buanderie|Chambres Spacieuses|Code d'accès|Gardien|Gaz de ville|Hall|Haut Standing|Kitchenette|Lumineux|Proche commerces|Proche transport|Quartier calme|Réseau internet|Rez-de-chaussée|Sécurisé|Stores électriques|Très Haut Standing|TV|Video-phone|Espace extérieur|Jardin|Cuisine|Plaque|vue|Jardin|parking|Individuel|Sous-sol|Sécurisé|chauffage|Central|climatisation|Centrale|Split|proximite|École|Magasin|Salle de sport|Espace vert|Restaurant(s)|Café(s)|Salle de cinéma / Théâtre|Bureau de Poste|Banque(s)|Aéroport,95,HIGH,1.5,False,False,unchanged,0.0,,2026-03-24T14:41:04.318239
newkey_124936,newkey,355000.0,,,Appartement,,,سيدي محرصي,Sale,Apartment,36.4360619,10.7045291,Espace extérieur|Jardin|vue|Banlieue|Vue montagne|Vue dégagée|parking|Sous-sol|chauffage|Central|climatisation|Split|proximite|Magasin|Café(s)|Aéroport,45,LOW,0.5,False,False,unchanged,0.0,,2026-03-24T16:48:57.171769
newkey_124863,newkey,7000.0,,3.0,Maison / Villa,,,الهوارية,Rent,Villa,37.0565576,11.0104527,haut standing|piscine|jardin|garage|chambre de service,85,HIGH,1.5,False,False,unchanged,0.0,,2026-03-24T14:40:56.136509
newkey_124890,newkey,1500.0,,,Appartement,,,سيدي محرصي,Rent,Commercial,36.4360619,10.7045291,meuble,45,LOW,0.5,False,False,unchanged,0.0,,2026-03-24T14:40:26.972464
newkey_124918,newkey,1950.0,,2.0,Appartement,TUNIS,north,سيدي محرصي,Rent,Apartment,36.4360619,10.7045291,jardin|parking|meuble,95,HIGH,1.5,False,False,unchanged,0.0,,2026-03-24T14:40:32.658118
newkey_125117,newkey,,,4.0,Maison / Villa,,,,Rent,Villa,,,Général|Suite parentale|Terrasse|Dressing|Ensoleillé (e)|Lave vaisselle|Lumineux|Proche commerces|Quartier calme|Réfrigérateur|Sécurisé|Cuisine|Cuisine équipée|Four|Hotte|Plaque|parking|Abri de voiture|chauffage|Central|climatisation|Split|proximite|École|Magasin|Salle de sport|Restaurant(s)|Café(s)|Banque(s)|Municipalité|Aéroport|Lycée,25,LOW,0.5,False,False,unchanged,,,2026-03-24T14:32:45.133825
newkey_125093,newkey,1550.0,,3.0,Appartement,ARIANA,north,سيدي محرصي,Rent,Apartment,36.4360619,10.7045291,parking,95,HIGH,1.5,False,False,unchanged,0.0,,2026-03-24T14:39:27.608649
newkey_124970,newkey,3600.0,,4.0,Appartement,TUNIS,north,سيدي محرصي,Rent,Apartment,36.4360619,10.7045291,parking|meuble|terrasse,95,HIGH,1.5,False,False,unchanged,0.0,,2026-03-24T14:40:18.878751
newkey_127700,newkey,1500.0,,3.0,Appartement,ARIANA,north,سيدي محرصي,Rent,Apartment,36.4360619,10.7045291,parking,95,HIGH,1.5,False,False,unchanged,0.0,,2026-03-24T14:38:51.258288
newkey_125025,newkey,2800.0,,4.0,Appartement,TUNIS,north,سيدي محرصي,Rent,Apartment,36.4360619,10.7045291,Général|Suite parentale|Terrasse|Ascenseur|Placards|Fibre optique|Dressing|Portail électrique|Double Ascenseur|Double vitrage|Accès handicapé|Alimentation d'eau|Chambres Spacieuses|Code d'accès|Gardien|Gaz de ville|Hall|Haut Standing|Interphone|Kitchenette|Lumineux|Proche commerces|Proche transport|Puissance électrique|Quartier calme|Rez-de-chaussée|Sécurisé|Sondage Puits|Très Haut Standing|Espace extérieur|Jardin|Cuisine|Cuisine équipée|Four|Hotte|Plaque|vue|Jardin|parking|Individuel|Sous-sol|Sécurisé|Place de parking|chauffage|Central|climatisation|Centrale|Split|proximite|École|Magasin|Salle de sport|Restaurant(s)|Café(s)|Bureau de Poste|Banque(s)|Aéroport|École maternelle|Lycée,95,HIGH,1.5,False,False,unchanged,0.0,,2026-03-24T14:40:03.837524
newkey_124968,newkey,3900.0,,,Maison / Villa,,,الهوارية,Sale,Villa,37.0565576,11.0104527,piscine|jardin|garage,25,LOW,0.5,True,False,unchanged,0.0,,2026-03-24T17:01:31.458431
newkey_125037,newkey,800000.0,,,Bureau Et Local...,,,,Sale,Commercial,,,terrasse,30,LOW,0.5,False,False,unchanged,0.0,,2026-03-24T16:48:39.101850
newkey_127704,newkey,700000.0,,,Appartement,,,سيدي محرصي,Sale,Apartment,36.4360619,10.7045291,Général|Suite parentale|vue|Vue dégagée|parking|Sous-sol|proximite|École|Magasin|Salle de sport|Espace vert|Restaurant(s)|Café(s)|Banque(s),45,LOW,0.5,False,False,unchanged,0.0,,2026-03-24T16:48:32.977482
newkey_125026,newkey,1650.0,,3.0,Appartement,TUNIS,north,سيدي محرصي,Rent,Apartment,36.4360619,10.7045291,Général|Placards|Fibre optique|Dressing|Double Ascenseur|Double vitrage|Parabole|Chambres Spacieuses|Code d'accès|Gardien|Gaz de ville|Hall|Interphone|Isolation phonique|Isolation thermique|Lumineux|Proche commerces|Quartier calme|Sécurisé|Stores électriques|Cuisine|Cuisine équipée|Four|Hotte|Plaque|vue|Vue dégagée|parking|Sous-sol|chauffage|Central|climatisation|Split|proximite|École|Magasin|Salle de sport|Espace vert|Restaurant(s)|Café(s)|Bureau de Poste|Banque(s)|Municipalité|École maternelle|Lycée,95,HIGH,1.5,False,False,unchanged,0.0,,2026-03-24T14:39:57.566792
newkey_125012,newkey,3000.0,,4.0,Maison / Villa,,,الهوارية,Rent,Villa,37.0565576,11.0104527,jardin|garage,85,HIGH,1.5,False,False,unchanged,0.0,,2026-03-24T14:39:34.796978
newkey_127707,newkey,5000.0,108.0,,Bureau Et Local...,,,,Rent,Commercial,,,Emplacement stratégique|Excellente visibilité,65,GOOD,1.0,False,False,unchanged,0.0,46.3,2026-03-24T14:38:38.372784
newkey_127868,newkey,425000.0,685.0,,Terrain,,,,Sale,Land,36.8326074,10.0984587,Strategic location|Good neighborhood|Regular configuration|Close to amenities|Main roads access,85,HIGH,1.5,False,False,unchanged,0.0,620.44,2026-03-24T14:06:12.674009
newkey_127778,newkey,7000.0,,4.0,Appartement,TUNIS,north,سيدي محرصي,Rent,Apartment,36.4360619,10.7045291,piscine|parking|vue mer,95,HIGH,1.5,False,False,unchanged,0.0,,2026-03-24T14:38:24.765447
newkey_127722,newkey,3000.0,,3.0,Appartement,,,سيدي محرصي,Rent,Apartment,36.4360619,10.7045291,Général|Suite parentale|Piscine|Ascenseur|Placards|Dressing|Alarme|Balcon|Double Ascenseur|Double vitrage|Accès handicapé|Alarme incendie|Alimentation d'eau|Chambres Spacieuses|Code d'accès|Gardien|Gaz de ville|Hall|Haut Standing|Interphone|Isolation phonique|Isolation thermique|Jacuzzi|Kitchenette|Lave vaisselle|Lumineux|Proche commerces|Quartier calme|Réfrigérateur|Sécurisé|Stores électriques|Très Haut Standing|Video-phone|Cuisine|Cuisine équipée|Four|Hotte|Plaque|parking|Individuel|Sous-sol|Sécurisé|chauffage|Central|climatisation|Centrale|proximite|École|Magasin|Salle de sport|Restaurant(s)|Café(s)|Bureau de Poste|Banque(s)|Municipalité|Aéroport|École maternelle|Lycée,85,HIGH,1.5,False,False,unchanged,0.0,,2026-03-24T14:39:20.937227
newkey_127781,newkey,1600.0,,1.0,Appartement,,,سيدي محرصي,Rent,Apartment,36.4360619,10.7045291,jardin|parking,85,HIGH,1.5,False,False,unchanged,0.0,,2026-03-24T14:38:02.427488
newkey_127771,newkey,4700.0,,4.0,Maison / Villa,,,الهوارية,Rent,Villa,37.0565576,11.0104527,Général|Suite parentale|Espace extérieur|Jardin|Cuisine|Double cuisine|vue|Vue dégagée|Jardin|parking|Abri de voiture|chauffage|Central|climatisation|Split|proximite|École|Magasin|Salle de sport|Restaurant(s),85,HIGH,1.5,False,False,unchanged,0.0,,2026-03-24T14:38:30.597535
newkey_127728,newkey,2200.0,,3.0,Appartement,TUNIS,north,سيدي محرصي,Rent,Apartment,36.4360619,10.7045291,Général|Suite parentale|Terrasse|Placards|Dressing|Portail électrique|Alarme|Balcon|Double Ascenseur|Alarme incendie|Alimentation d'eau|Chambres Spacieuses|Code d'accès|Gardien|Gaz de ville|Hall|Haut Standing|Interphone|Isolation phonique|Isolation thermique|Lumineux|Proche commerces|Proche transport|Quartier calme|Sécurisé|Stores électriques|Cuisine|Cuisine équipée|Four|Hotte|Plaque|vue|Vue dégagée|parking|Sous-sol|chauffage|Central|climatisation|Centrale|proximite|École|Magasin|Salle de sport|Espace vert|Restaurant(s)|Café(s)|Bureau de Poste|Banque(s)|Municipalité|École maternelle|Lycée,95,HIGH,1.5,False,False,unchanged,0.0,,2026-03-24T14:39:15.427602
newkey_127752,newkey,5000.0,,3.0,Appartement,,,سيدي محرصي,Rent,Apartment,36.4360619,10.7045291,jardin|parking,85,HIGH,1.5,False,False,unchanged,0.0,,2026-03-24T14:39:07.622695
newkey_127779,newkey,5000.0,60.0,,Bureau Et Local...,TUNIS,north,,Rent,Commercial,,,Gérance libre|Matériel inclus|Artère principale,65,GOOD,1.0,True,False,unchanged,0.0,83.33,2026-03-24T14:38:17.358450
newkey_127866,newkey,398000.0,642.0,,Terrain,TUNIS,north,,Sale,Land,36.8326074,10.0984587,Terrain plat|Facile d'accès|Environnement calme|En développement|Idéal pour villa ou projet immobilier,95,HIGH,1.5,False,False,unchanged,0.0,619.94,2026-03-24T14:06:20.033227
newkey_127869,newkey,397000.0,640.0,,Terrain,TUNIS,north,,Sale,Land,36.8326074,10.0984587,Bien exposé|Facilement accessible|Projet résidentiel ou investissement|Quartier calme|Fort potentiel de valorisation,95,HIGH,1.5,False,False,unchanged,0.0,620.31,2026-03-24T14:06:05.025079
newkey_127895,newkey,1800.0,,2.0,Appartement,TUNIS,north,سيدي محرصي,Rent,Apartment,36.4360619,10.7045291,Général|Piscine|Placards|Dressing|Alarme|Double Ascenseur|Double vitrage|Alarme incendie|Alimentation d'eau|Code d'accès|Gardien|Gaz de ville|Hall|Haut Standing|Interphone|Isolation phonique|Lumineux|Proche commerces|Proche transport|Quartier calme|Rez-de-chaussée|Sécurisé|Stores électriques|Cuisine|Cuisine équipée|Four|Hotte|Plaque|parking|Sous-sol|chauffage|Central|climatisation|Split|proximite|École|Magasin|Salle de sport|Espace vert|Restaurant(s)|Café(s)|Bureau de Poste|Banque(s)|Municipalité|École maternelle|Lycée,95,HIGH,1.5,False,False,unchanged,0.0,,2026-03-24T14:37:57.316854
newkey_127981,newkey,6800.0,,4.0,Appartement,,,سيدي محرصي,Rent,Apartment,36.4360619,10.7045291,chauffage central|climatisation|vue mer|chambre de service|terrasse,65,GOOD,1.0,True,False,unchanged,0.0,,2026-03-24T14:37:49.583316
newkey_128096,newkey,4500.0,100.0,,Bureau Et Local...,,,,Rent,Commercial,,,Strategic location|Excellent visibility|No door,65,GOOD,1.0,False,False,unchanged,0.0,45.0,2026-03-24T14:37:28.883387
newkey_128037,newkey,325000.0,,3.0,Appartement,TUNIS,north,سيدي محرصي,Sale,Apartment,36.4360619,10.7045291,vue|Vue dégagée|parking|Sous-sol|chauffage|Central|climatisation|Split|proximite|École|Magasin|Salle de sport|Restaurant(s)|Café(s)|Banque(s)|Municipalité,95,HIGH,1.5,False,False,unchanged,0.0,,2026-03-24T14:05:50.344053
newkey_128097,newkey,1500.0,,,Bureau Et Local...,,,,Rent,Commercial,,,meuble,30,LOW,0.5,False,False,unchanged,0.0,,2026-03-24T14:37:12.383258
newkey_127870,newkey,1225.0,1976.0,,Terrain,,,,Sale,Land,36.8326074,10.0984587,Large plot|Potential for multiple villas or residence|Calm environment|Easy access|Development area,65,GOOD,1.0,True,False,unchanged,0.0,0.62,2026-03-24T14:06:27.601048
newkey_128002,newkey,2000.0,,,Bureau Et Local...,TUNIS,north,,Rent,Commercial,,,parking|meuble,45,LOW,0.5,False,False,unchanged,0.0,,2026-03-24T14:37:42.261632
newkey_128098,newkey,1500.0,,2.0,Appartement,,,سيدي محرصي,Rent,Apartment,36.4360619,10.7045291,parking|meuble,85,HIGH,1.5,False,False,unchanged,0.0,,2026-03-24T14:37:04.431283
newkey_127952,newkey,800.0,,,Bureau Et Local...,TUNIS,north,,Rent,Commercial,,,Rez-de-chaussée|Hall de réception|Salle d'eau|Bureau|Climatisé|Usage professionnel,45,LOW,0.5,False,False,unchanged,0.0,,2026-03-24T14:37:35.650275
newkey_128377,newkey,4500.0,,4.0,Appartement,,,سيدي محرصي,Rent,Apartment,36.4360619,10.7045291,parking|climatisation|chambre de service|terrasse,85,HIGH,1.5,False,False,unchanged,0.0,,2026-03-24T14:35:51.919018
newkey_128206,newkey,1900.0,,,Bureau Et Local...,,,,Rent,Commercial,,,meuble,30,LOW,0.5,False,False,unchanged,0.0,,2026-03-24T14:36:18.175210
newkey_128203,newkey,,,,Maison / Villa,,,الهوارية,Rent,Villa,37.0565576,11.0104527,piscine|jardin|climatisation|meuble|ascenseur,25,LOW,0.5,False,False,unchanged,,,2026-03-24T14:36:42.428082
newkey_128187,newkey,8000.0,,4.0,Maison / Villa,,,الهوارية,Rent,Villa,37.0565576,11.0104527,piscine|jardin|parking|chauffage central|climatisation|terrasse,85,HIGH,1.5,False,False,unchanged,0.0,,2026-03-24T14:36:11.537158
newkey_128133,newkey,1650.0,18.0,,Bureau Et Local...,,,,Rent,Commercial,,,bureautique|commercial,65,GOOD,1.0,False,False,unchanged,0.0,91.67,2026-03-24T14:36:56.040409
newkey_128204,newkey,2200.0,,,Bureau Et Local...,,,,Rent,Commercial,,,meuble,30,LOW,0.5,False,False,unchanged,0.0,,2026-03-24T14:36:34.671745
newkey_128307,newkey,1800.0,250.0,,Bureau Et Local...,,,,Rent,Commercial,,,dépôt|stockage|distribution|zone accessible|véhicules utilitaires,65,GOOD,1.0,False,False,unchanged,0.0,7.2,2026-03-24T14:36:05.254830
newkey_128253,newkey,3500.0,,3.0,Appartement,,,سيدي محرصي,Rent,Apartment,36.4360619,10.7045291,Général|Suite parentale|vue|Vue dégagée|parking|Sous-sol|proximite|École|Magasin|Salle de sport|Espace vert|Restaurant(s)|Café(s)|Banque(s),85,HIGH,1.5,False,False,unchanged,0.0,,2026-03-24T14:38:45.164887
newkey_128134,newkey,2300.0,,3.0,Appartement,,,سيدي محرصي,Rent,Apartment,36.4360619,10.7045291,jardin|parking,85,HIGH,1.5,False,False,unchanged,0.0,,2026-03-24T14:36:49.286427
newkey_128646,newkey,330000.0,,3.0,Appartement,,,سيدي محرصي,Sale,Villa,36.4360619,10.7045291,parking|chauffage central|climatisation,85,HIGH,1.5,False,False,unchanged,0.0,,2026-03-24T14:05:28.287165
newkey_128486,newkey,35000.0,43.0,,Bureau Et Local...,,,,Sale,Commercial,,,,70,GOOD,1.0,False,False,unchanged,0.0,813.95,2026-03-24T14:05:43.283624
newkey_128666,newkey,1850.0,,2.0,Appartement,TUNIS,north,سيدي محرصي,Rent,Apartment,36.4360619,10.7045291,jardin|meuble,95,HIGH,1.5,False,False,unchanged,0.0,,2026-03-24T14:34:52.886207
newkey_128624,newkey,2300.0,,4.0,Appartement,,,سيدي محرصي,Rent,Villa,36.4360619,10.7045291,Général|Suite parentale|Placards|Fibre optique|Dressing|Balcon|Double vitrage|Parabole|Chambres Spacieuses|Code d'accès|Gardien|Gaz de ville|Hall|Interphone|Isolation phonique|Isolation thermique|Lumineux|Proche commerces|Proche transport|Quartier calme|Sécurisé|Stores électriques|Très Haut Standing|Cuisine|Cuisine équipée|Four|Hotte|Plaque|vue|Vue dégagée|chauffage|Central|climatisation|Split|proximite|École|Magasin|Salle de sport|Espace vert|Restaurant(s)|Café(s)|Bureau de Poste|Banque(s)|Municipalité|École maternelle|Lycée,85,HIGH,1.5,False,False,unchanged,0.0,,2026-03-24T14:35:00.717312
newkey_128542,newkey,750000.0,,,Appartement,,,سيدي محرصي,Sale,Apartment,36.4360619,10.7045291,parking|chauffage central|climatisation,45,LOW,0.5,False,False,unchanged,0.0,,2026-03-24T16:51:51.679413
newkey_128521,newkey,1200.0,,2.0,Appartement,,,سيدي محرصي,Rent,Apartment,36.4360619,10.7045291,jardin|meuble,85,HIGH,1.5,False,False,unchanged,0.0,,2026-03-24T14:35:23.012033
newkey_128545,newkey,3000.0,,4.0,Appartement,,,سيدي محرصي,Rent,Apartment,36.4360619,10.7045291,jardin|parking,85,HIGH,1.5,False,False,unchanged,0.0,,2026-03-24T14:35:07.804072
newkey_128479,newkey,1700.0,,2.0,Appartement,TUNIS,north,سيدي محرصي,Rent,Apartment,36.4360619,10.7045291,Général|Suite parentale|Piscine|Ascenseur|Placards|Fibre optique|Dressing|Portail électrique|Balcon|Double Ascenseur|Double vitrage|Wi-fi|Accès handicapé|Alarme incendie|Chambres Spacieuses|Code d'accès|Gardien|Gaz de ville|Hall|Haut Standing|Isolation thermique|Jacuzzi|Kitchenette|Lumineux|Machine à laver|Micro onde|Proche commerces|Proche transport|Puissance électrique|Quartier calme|Réfrigérateur|Réseau internet|Sécurisé|Stores électriques|Très Haut Standing|Cuisine|Cuisine équipée|Four|Hotte|Plaque|parking|Individuel|Sous-sol|Sécurisé|chauffage|Central|climatisation|Centrale|proximite|Magasin|Salle de sport|Espace vert|Restaurant(s)|Café(s)|Bureau de Poste|Banque(s)|Aéroport,95,HIGH,1.5,False,False,unchanged,0.0,,2026-03-24T14:35:30.726468
newkey_128424,newkey,3200.0,,,Bureau Et Local...,,,,Rent,Commercial,,,parking|meuble,30,LOW,0.5,False,False,unchanged,0.0,,2026-03-24T14:35:45.175484
newkey_128530,newkey,1700.0,,4.0,Appartement,,,سيدي محرصي,Rent,Villa,36.4360619,10.7045291,parking|chauffage central,85,HIGH,1.5,False,False,unchanged,0.0,,2026-03-24T14:35:15.157283
newkey_128906,newkey,2300.0,,5.0,Appartement,,,سيدي محرصي,Rent,Commercial,36.4360619,10.7045291,parking|chambre de service|terrasse,85,HIGH,1.5,False,False,unchanged,0.0,,2026-03-24T14:34:15.146470
newkey_128919,newkey,1400.0,,2.0,Appartement,,,سيدي محرصي,Rent,Villa,36.4360619,10.7045291,jardin|parking,85,HIGH,1.5,False,False,unchanged,0.0,,2026-03-24T14:34:06.522725
newkey_128921,newkey,1300.0,,2.0,Appartement,,,سيدي محرصي,Rent,Apartment,36.4360619,10.7045291,jardin,85,HIGH,1.5,False,False,unchanged,0.0,,2026-03-24T14:33:59.214697
newkey_128670,newkey,950.0,,2.0,Maison / Villa,,,الهوارية,Rent,Apartment,37.0565576,11.0104527,meuble,85,HIGH,1.5,False,False,unchanged,0.0,,2026-03-24T14:34:38.077056
newkey_128697,newkey,1400.0,,2.0,Appartement,,,سيدي محرصي,Rent,Apartment,36.4360619,10.7045291,meuble,85,HIGH,1.5,False,False,unchanged,0.0,,2026-03-24T14:34:23.518302
newkey_128978,newkey,2800.0,,4.0,Appartement,,,سيدي محرصي,Rent,Apartment,36.4360619,10.7045291,Général|Ascenseur|Placards|Fibre optique|Dressing|Balcon|Double Ascenseur|Accès handicapé|Alarme incendie|Chambres Spacieuses|Code d'accès|Gardien|Gaz de ville|Haut Standing|Isolation phonique|Kitchenette|Lave vaisselle|Lumineux|Proche commerces|Proche transport|Quartier calme|Réfrigérateur|Réseau internet|Sécurisé|Stores électriques|Cuisine|Cuisine équipée|Four|Hotte|Plaque|parking|Individuel|Sous-sol|Sécurisé|chauffage|Central|climatisation|Split|proximite|Magasin|Salle de sport|Café(s)|Bureau de Poste|Banque(s),85,HIGH,1.5,False,False,unchanged,0.0,,2026-03-24T14:33:36.789960
newkey_128669,newkey,1500.0,,3.0,Appartement,,,,Sale,Apartment,,,parking|chauffage central|climatisation|vue mer|terrasse,50,LOW,0.5,True,False,unchanged,0.0,,2026-03-24T14:05:36.650390
newkey_128925,newkey,440000.0,,2.0,Appartement,,,سيدي محرصي,Sale,Apartment,36.4360619,10.7045291,jardin|parking,85,HIGH,1.5,False,False,unchanged,0.0,,2026-03-24T14:05:00.278233
newkey_128977,newkey,2800.0,,3.0,Appartement,,,سيدي محرصي,Rent,Apartment,36.4360619,10.7045291,Général|Suite parentale|Ascenseur|Placards|Fibre optique|Dressing|Alarme|Balcon|Double Ascenseur|Double vitrage|Accès handicapé|Alarme incendie|Chambres Spacieuses|Code d'accès|Gardien|Gaz de ville|Haut Standing|Interphone|Isolation phonique|Isolation thermique|Jacuzzi|Kitchenette|Lave vaisselle|Lumineux|Micro onde|Proche commerces|Proche transport|Quartier calme|Réfrigérateur|Réseau internet|Sécurisé|Stores électriques|Très Haut Standing|Video-phone|Cuisine|Double cuisine|Cuisine équipée|Four|Hotte|Plaque|parking|Sous-sol|Sécurisé|Place de parking|chauffage|Central|climatisation|Centrale|proximite|Magasin|Salle de sport|Espace vert|Café(s)|Bureau de Poste|Banque(s),85,HIGH,1.5,False,False,unchanged,0.0,,2026-03-24T14:33:43.838639
newkey_128689,newkey,,,6.0,Maison / Villa,,,الهوارية,Rent,Villa,37.0565576,11.0104527,Général|Suite parentale|Espace extérieur|Jardin|vue|Vue dégagée|parking|Garage|chauffage|Central|climatisation|Split|proximite|École|Magasin|Salle de sport|Restaurant(s)|Café(s)|Banque(s)|Municipalité|Station de bus|Aéroport|École maternelle,40,LOW,0.5,False,False,unchanged,,,2026-03-24T14:34:31.409301
newkey_128984,newkey,6500.0,,3.0,Appartement,,,سيدي محرصي,Rent,Apartment,36.4360619,10.7045291,haut standing|meuble|vue mer|terrasse,65,GOOD,1.0,True,False,unchanged,0.0,,2026-03-24T14:33:30.363163
newkey_129207,newkey,2500.0,,5.0,Appartement,,,سيدي محرصي,Rent,Apartment,36.4360619,10.7045291,parking,85,HIGH,1.5,False,False,unchanged,0.0,,2026-03-24T14:32:37.896454
newkey_129123,newkey,1400.0,,3.0,Appartement,,,سيدي محرصي,Rent,Apartment,36.4360619,10.7045291,Général|Terrasse,85,HIGH,1.5,False,False,unchanged,0.0,,2026-03-24T14:32:51.936121
newkey_129011,newkey,250000.0,,3.0,Appartement,,,سيدي محرصي,Sale,Apartment,36.4360619,10.7045291,Quatrième étage|Résidence calme|Balcon|Cuisine avec séchoir|Salle de bain commune|Lumineux|Moderne,85,HIGH,1.5,False,False,unchanged,0.0,,2026-03-24T14:04:46.728842
newkey_129152,newkey,672000.0,840.0,,Terrain,,,,Sale,Land,36.8326074,10.0984587,Viabilized|Legal Papers|Residential Project Investment|Calm Location|Easy Access,85,HIGH,1.5,False,False,unchanged,0.0,800.0,2026-03-24T14:04:31.626638
newkey_129173,newkey,3000.0,,4.0,Maison / Villa,,,,Rent,Villa,,,garage|meuble|terrasse,70,GOOD,1.0,False,False,unchanged,0.0,,2026-03-24T14:33:06.908773
newkey_129211,newkey,2700.0,,5.0,Appartement,,,سيدي محرصي,Rent,Apartment,36.4360619,10.7045291,garage,85,HIGH,1.5,False,False,unchanged,0.0,,2026-03-24T14:32:30.783223
newkey_129055,newkey,375000.0,,3.0,Appartement,,,سيدي محرصي,Sale,Apartment,36.4360619,10.7045291,Général|Terrasse|vue|Vue dégagée|Jardin|parking|Sous-sol|chauffage|Central|climatisation|Split|proximite|Magasin|Restaurant(s)|Aéroport,85,HIGH,1.5,False,False,unchanged,0.0,,2026-03-24T14:04:53.661682
newkey_129221,newkey,4500.0,,3.0,Appartement,,,سيدي محرصي,Rent,Apartment,36.4360619,10.7045291,parking|meuble|terrasse,85,HIGH,1.5,False,False,unchanged,0.0,,2026-03-24T14:32:22.902349
newkey_129182,newkey,3700.0,,,Bureau Et Local...,,,,Rent,Commercial,,,terrasse,30,LOW,0.5,False,False,unchanged,0.0,,2026-03-24T14:32:15.535871
newkey_129231,newkey,290000.0,,2.0,Appartement,,,سيدي محرصي,Sale,Apartment,36.4360619,10.7045291,parking,85,HIGH,1.5,False,False,unchanged,0.0,,2026-03-24T14:03:50.550112
newkey_129223,newkey,1300.0,360.0,5.0,Maison / Villa,TUNIS,north,Jebel Jelloud,Sale,Land,36.7667,10.1833,jardin,90,HIGH,1.5,True,False,unchanged,0.0,3.61,2026-03-24T14:03:58.700284
newkey_129349,newkey,2400.0,,,Appartement,,,سيدي محرصي,Rent,Apartment,36.4360619,10.7045291,Général|Ascenseur|Placards|Fibre optique|Dressing|Portail électrique|Balcon|Double Ascenseur|Double vitrage|Accès handicapé|Chambres Spacieuses|Code d'accès|Gardien|Gaz de ville|Hall|Haut Standing|Isolation thermique|Kitchenette|Lave vaisselle|Lumineux|Machine à laver|Micro onde|Proche commerces|Proche transport|Quartier calme|Réfrigérateur|Réseau internet|Sécurisé|Très Haut Standing|Cuisine|Cuisine équipée|Four|Hotte|Plaque|parking|Individuel|Sous-sol|Sécurisé|chauffage|Central|climatisation|Centrale|Split|proximite|Magasin|Salle de sport|Espace vert|Restaurant(s)|Café(s)|Banque(s)|Aéroport,45,LOW,0.5,False,False,unchanged,0.0,,2026-03-24T17:12:52.129611
newkey_129246,newkey,1450.0,,,Appartement,,,سيدي محرصي,Rent,Apartment,36.4360619,10.7045291,parking|Sous-sol|chauffage|Central|climatisation|Split|proximite|Magasin|Espace vert,45,LOW,0.5,False,False,unchanged,0.0,,2026-03-24T17:13:13.226499
newkey_129232,newkey,975000.0,698.0,,Terrain,,,,Sale,Land,,,Titre foncier individuel|Zone villa de maître|Cadre résidentiel prisé,75,GOOD,1.0,False,False,unchanged,0.0,1396.85,2026-03-24T14:03:43.413624
newkey_129377,newkey,3000.0,,,Bureau Et Local...,,,,Rent,Commercial,,,,25,LOW,0.5,False,False,unchanged,0.0,,2026-03-24T17:12:58.343083
newkey_129337,newkey,2500.0,,,Appartement,,,سيدي محرصي,Rent,Apartment,36.4360619,10.7045291,Général|Suite parentale|Dernier étage|vue|Vue dégagée|parking|Sous-sol|chauffage|Central|climatisation|Split|proximite|Magasin|Espace vert|Restaurant(s)|Café(s)|Aéroport,45,LOW,0.5,False,False,unchanged,0.0,,2026-03-24T17:13:05.883963
newkey_129334,newkey,406000.0,,3.0,Appartement,,,سيدي محرصي,Sale,Apartment,36.4360619,10.7045291,vue|Vue montagne|Vue dégagée|parking|Sous-sol|chauffage|Central|climatisation|Split|proximite|Magasin|Espace vert|Café(s)|Municipalité|Aéroport|Lycée,85,HIGH,1.5,False,False,unchanged,0.0,,2026-03-24T14:02:14.177168
newkey_129335,newkey,,,4.0,Appartement,,,سيدي محرصي,Sale,Apartment,36.4360619,10.7045291,Général|Suite parentale|Cellier|Terrasse|Ascenseur|Placards|Dressing|Balcon|Ensoleillé (e)|Parabole|Code d'accès|Gardien|Hall|Interphone|Isolation thermique|Lumineux|Quartier calme|Sécurisé|Stores électriques|Très Haut Standing|Video-phone|Vidéosurveillance|vue|Vue dégagée|chauffage|Central|climatisation|Split|proximite|École|Magasin|Salle de sport|Espace vert|Terrain de foot ou autre|Restaurant(s)|Café(s)|Bureau de Poste|Banque(s)|Municipalité|Aéroport|Lycée,40,LOW,0.5,False,False,unchanged,,,2026-03-24T14:02:08.151605
newkey_129301,newkey,2000.0,,,Bureau Et Local...,,,,Rent,Commercial,,,Général|Suite parentale|Dernier étage|Terrasse|vue|Vue dégagée|Vue artère principale|parking|Collectif|chauffage|Central|climatisation|Split|proximite|École|Magasin|Salle de sport|Espace vert|Restaurant(s)|Café(s)|Bureau de Poste|Banque(s)|Municipalité|Station de bus|Aéroport|Lycée,30,LOW,0.5,False,False,unchanged,0.0,,2026-03-24T17:13:19.614948
newkey_129571,newkey,275000.0,,2.0,Appartement,,,سيدي محرصي,Sale,Apartment,36.4360619,10.7045291,vue|Vue dégagée|parking|Sous-sol|chauffage|Central|climatisation|Split|proximite|Magasin|Salle de sport|Espace vert|Restaurant(s)|Café(s)|Municipalité|Aéroport,85,HIGH,1.5,False,False,unchanged,0.0,,2026-03-24T14:01:24.645873
newkey_129608,newkey,3500.0,,,Appartement,,,سيدي محرصي,Rent,Apartment,36.4360619,10.7045291,jardin|parking|terrasse,45,LOW,0.5,False,False,unchanged,0.0,,2026-03-24T17:12:01.337823
newkey_129576,newkey,2200.0,,,Appartement,,,سيدي محرصي,Rent,Apartment,36.4360619,10.7045291,jardin|meuble,45,LOW,0.5,False,False,unchanged,0.0,,2026-03-24T17:12:20.643613
newkey_129408,newkey,1100.0,,,Bureau Et Local...,,,,Rent,Commercial,,,Général|Terrasse|parking|Collectif|chauffage|Central|climatisation|Split|proximite|École|Magasin|Salle de sport|Espace vert|Restaurant(s)|Café(s)|Bureau de Poste|Banque(s)|Municipalité|Station de bus|Aéroport|Lycée,30,LOW,0.5,False,False,unchanged,0.0,,2026-03-24T17:12:28.223534
newkey_129651,newkey,2700.0,,,Appartement,,,سيدي محرصي,Rent,Apartment,36.4360619,10.7045291,parking|terrasse,45,LOW,0.5,False,False,unchanged,0.0,,2026-03-24T17:12:14.839088
newkey_129383,newkey,325000.0,,2.0,Appartement,,,سيدي محرصي,Sale,Apartment,36.4360619,10.7045291,vue|Vue dégagée|parking|Sous-sol|chauffage|Central|climatisation|Split|proximite|Espace vert|Café(s)|Aéroport,85,HIGH,1.5,False,False,unchanged,0.0,,2026-03-24T14:01:53.901153
newkey_129493,newkey,370000.0,,2.0,Appartement,TUNIS,north,سيدي محرصي,Sale,Apartment,36.4360619,10.7045291,Espace extérieur|Jardin|vue|Vue dégagée|Jardin|parking|Sous-sol|chauffage|Central|climatisation|Split|proximite|Magasin|Salle de sport|Espace vert|Restaurant(s)|Café(s)|Banque(s),95,HIGH,1.5,False,False,unchanged,0.0,,2026-03-24T14:01:31.403018
newkey_129647,newkey,353000.0,,3.0,Appartement,TUNIS,north,سيدي محرصي,Sale,Apartment,36.4360619,10.7045291,parking|ascenseur,95,HIGH,1.5,False,False,unchanged,0.0,,2026-03-24T14:01:18.654437
newkey_129656,newkey,1600.0,,,Appartement,,,سيدي محرصي,Rent,Apartment,36.4360619,10.7045291,jardin|parking,45,LOW,0.5,False,False,unchanged,0.0,,2026-03-24T17:12:07.721826
newkey_129409,newkey,453000.0,,3.0,Appartement,,,سيدي محرصي,Sale,Apartment,36.4360619,10.7045291,chauffage|Central|climatisation|Split|proximite|École|Magasin|Salle de sport|Espace vert|Terrain de foot ou autre|Restaurant(s)|Café(s)|Bureau de Poste|Banque(s)|Municipalité|Station de bus|Aéroport|Lycée,85,HIGH,1.5,False,False,unchanged,0.0,,2026-03-24T14:01:46.741686
newkey_129739,newkey,550000.0,,2.0,Appartement,,,سيدي محرصي,Sale,Apartment,36.4360619,10.7045291,jardin|parking|chauffage central|climatisation,85,HIGH,1.5,False,False,unchanged,0.0,,2026-03-24T14:00:58.420262
newkey_129741,newkey,2500.0,,,Appartement,,,سيدي محرصي,Rent,Apartment,36.4360619,10.7045291,jardin|parking|meuble,45,LOW,0.5,False,False,unchanged,0.0,,2026-03-24T17:11:10.484751
newkey_129704,newkey,2300.0,,,Bureau Et Local...,,,,Rent,Commercial,,,parking|meuble,30,LOW,0.5,False,False,unchanged,0.0,,2026-03-24T17:11:04.435822
newkey_129726,newkey,550000.0,,2.0,Appartement,,,سيدي محرصي,Sale,Apartment,36.4360619,10.7045291,Général|Suite parentale|Espace extérieur|Jardin|vue|Vue dégagée|parking|Sous-sol|chauffage|Central|climatisation|Split|proximite|Magasin|Salle de sport|Espace vert|Restaurant(s)|Café(s)|Banque(s)|Aéroport,85,HIGH,1.5,False,False,unchanged,0.0,,2026-03-24T14:01:06.529469
newkey_129730,newkey,7500.0,,,Maison / Villa,,,الهوارية,Rent,Commercial,37.0565576,11.0104527,piscine|jardin|chauffage central|climatisation|vue mer,25,LOW,0.5,True,False,unchanged,0.0,,2026-03-24T17:11:24.359227
newkey_129766,newkey,650000.0,,3.0,Appartement,,,سيدي محرصي,Sale,Apartment,36.4360619,10.7045291,Général|Suite parentale|Ascenseur|Placards|Fibre optique|Dressing|Balcon|Double vitrage|Parabole|Accès handicapé|Chambres Spacieuses|Code d'accès|Gardien|Gaz de ville|Interphone|Isolation phonique|Isolation thermique|Lumineux|Proche commerces|Proche transport|Quartier calme|Sécurisé|Stores électriques|vue|Vue dégagée|parking|Sous-sol|chauffage|Central|climatisation|Split|proximite|École|Magasin|Salle de sport|Espace vert|Restaurant(s)|Café(s)|Bureau de Poste|Banque(s)|Municipalité|École maternelle|Lycée,85,HIGH,1.5,False,False,unchanged,0.0,,2026-03-24T14:00:43.791884
newkey_129686,newkey,2500.0,,,Appartement,,,سيدي محرصي,Rent,Apartment,36.4360619,10.7045291,meuble,45,LOW,0.5,False,False,unchanged,0.0,,2026-03-24T17:11:53.532690
newkey_129734,newkey,1400.0,,,Appartement,,,,Rent,Apartment,,,jardin|parking|meuble,30,LOW,0.5,False,False,unchanged,0.0,,2026-03-24T17:11:17.470035
newkey_129729,newkey,2000.0,,,Bureau Et Local...,,,,Rent,Commercial,,,proximite|École|Magasin|Salle de sport|Espace vert|Restaurant(s)|Café(s)|Aéroport|Lycée,30,LOW,0.5,False,False,unchanged,0.0,,2026-03-24T17:11:30.806803
newkey_129767,newkey,2200.0,,,Appartement,,,سيدي محرصي,Rent,Apartment,36.4360619,10.7045291,Général|Suite parentale|Piscine|Ascenseur|Placards|Dressing|Portail électrique|Alarme|Balcon|Double Ascenseur|Double vitrage|Wi-fi|Accès handicapé|Alarme incendie|Alimentation d'eau|Chambres Spacieuses|Code d'accès|Gardien|Gaz de ville|Haut Standing|Interphone|Isolation phonique|Isolation thermique|Jacuzzi|Kitchenette|Lave vaisselle|Lumineux|Machine à laver|Micro onde|Proche commerces|Proche transport|Puissance électrique|Quartier calme|Réfrigérateur|Réseau internet|Sécurisé|Sondage Puits|Stores électriques|Très Haut Standing|Video-phone|Cuisine|Cuisine équipée|Four|Hotte|Plaque|climatisation|Centrale|proximite|Espace vert|Restaurant(s)|Café(s)|Bureau de Poste|Banque(s)|Aéroport|École maternelle|Lycée,45,LOW,0.5,False,False,unchanged,0.0,,2026-03-24T17:10:48.081910
newkey_129924,newkey,2000.0,,,Appartement,,,سيدي محرصي,Rent,Apartment,36.4360619,10.7045291,jardin|parking|meuble,45,LOW,0.5,False,False,unchanged,0.0,,2026-03-24T17:10:12.321929
newkey_129872,newkey,1800.0,,,Bureau Et Local...,,,,Rent,Commercial,,,vue|Ville|Vue lac|Vue dégagée|parking|Place de parking à l’extérieur|chauffage|Central|proximite|École|Magasin|Restaurant(s)|Café(s),30,LOW,0.5,False,False,unchanged,0.0,,2026-03-24T17:10:24.748601
newkey_129869,newkey,700000.0,,3.0,Appartement,,,سيدي محرصي,Sale,Apartment,36.4360619,10.7045291,Général|Suite parentale|Espace extérieur|Jardin|vue|Vue dégagée|parking|Sous-sol|chauffage|Central|climatisation|Split|proximite|Magasin|Salle de sport|Espace vert|Restaurant(s)|Café(s)|Banque(s)|Aéroport,85,HIGH,1.5,False,False,unchanged,0.0,,2026-03-24T14:00:09.039816
newkey_129917,newkey,1200.0,,,Appartement,,,سيدي محرصي,Rent,Apartment,36.4360619,10.7045291,jardin,45,LOW,0.5,False,False,unchanged,0.0,,2026-03-24T17:10:18.573165
newkey_129818,newkey,,,3.0,Appartement,,,,Sale,Villa,,,Général|Suite parentale|Dernier étage|Terrasse|Ascenseur|Placards|Dressing|Balcon|Ensoleillé (e)|Parabole|Chambres Spacieuses|Code d'accès|Gardien|Interphone|Lumineux|Proche commerces|Quartier calme|Sécurisé|Stores électriques|Très Haut Standing|Vidéosurveillance|vue|Vue dégagée|chauffage|Central|climatisation|Split|proximite|École|Magasin|Salle de sport|Espace vert|Restaurant(s)|Café(s)|Bureau de Poste|Banque(s)|Municipalité|Station de bus|Aéroport|Lycée,25,LOW,0.5,False,False,unchanged,,,2026-03-24T14:00:37.112382
newkey_129849,newkey,,,4.0,Maison / Villa,,,الهوارية,Sale,Villa,37.0565576,11.0104527,Général|Suite parentale|Chambre service|Cellier|Dernier étage|Terrasse|Espace extérieur|Jardin|Cuisine|Double cuisine|vue|Vue dégagée|parking|Sous-sol|chauffage|Central|climatisation|Split|proximite|École|Magasin|Salle de sport|Espace vert|Restaurant(s)|Café(s)|Bureau de Poste|Banque(s)|Municipalité|Aéroport|Lycée,40,LOW,0.5,False,False,unchanged,,,2026-03-24T13:59:52.282137
newkey_129926,newkey,1800.0,,,Bureau Et Local...,,,,Rent,Commercial,,,vue|Banlieue|Centre ville|Vue lac|Vue dégagée|parking|Place de parking à l’extérieur|chauffage|Central|climatisation|Split|proximite|Magasin|Espace vert|Restaurant(s)|Café(s)|Aéroport,30,LOW,0.5,False,False,unchanged,0.0,,2026-03-24T17:09:57.249783
newkey_129791,newkey,550000.0,,2.0,Appartement,,,سيدي محرصي,Sale,Apartment,36.4360619,10.7045291,jardin|parking,85,HIGH,1.5,False,False,unchanged,0.0,,2026-03-24T14:00:29.389784
newkey_129864,newkey,1050.0,,3.0,Appartement,,,,Sale,Commercial,,,parking|terrasse,50,LOW,0.5,True,False,unchanged,0.0,,2026-03-24T14:00:22.762315
newkey_129867,newkey,433000.0,,2.0,Appartement,,,سيدي محرصي,Sale,Apartment,36.4360619,10.7045291,Général|Terrasse|vue|Vue dégagée|parking|Sous-sol|chauffage|Central|climatisation|Split|proximite|École|Magasin|Salle de sport|Espace vert|Restaurant(s)|Café(s)|Bureau de Poste|Banque(s)|Station de bus|Aéroport|Lycée,85,HIGH,1.5,False,False,unchanged,0.0,,2026-03-24T14:00:14.903731
newkey_129977,newkey,395000.0,,4.0,Appartement,,,سيدي محرصي,Sale,Villa,36.4360619,10.7045291,parking|chauffage central,85,HIGH,1.5,False,False,unchanged,0.0,,2026-03-24T13:59:45.269501
newkey_130098,newkey,54330.0,,,Immeuble,,,معتمدية حي الخضراء,Rent,Other,36.8371327,10.24649,haut standing|parking|meuble,25,LOW,0.5,True,False,unchanged,0.0,,2026-03-24T17:09:35.440503
newkey_130136,newkey,3500.0,,,Maison / Villa,,,,Rent,Villa,,,Général|Suite parentale|Placards|Dressing|Balcon|Ensoleillé (e)|Chambres Spacieuses|Lumineux|Quartier calme|Stores électriques|Très Haut Standing|Espace extérieur|Jardin|Cuisine|Cuisine équipée|Four|Hotte|Plaque|parking|Place de parking|chauffage|Central|climatisation|Centrale|proximite|École|Magasin|Salle de sport|Espace vert|Restaurant(s)|Café(s)|Bureau de Poste|Banque(s)|Municipalité|Aéroport,30,LOW,0.5,False,False,unchanged,0.0,,2026-03-24T17:09:28.480237
newkey_130153,newkey,2250.0,,,Appartement,,,سيدي محرصي,Rent,Apartment,36.4360619,10.7045291,Général|Suite parentale|Ascenseur|Placards|Dressing|Balcon|Ensoleillé (e)|Double Ascenseur|Parabole|Code d'accès|Gardien|Haut Standing|Lumineux|Proche commerces|Quartier calme|Réfrigérateur|Sécurisé|Stores électriques|Cuisine|Four|Hotte|Plaque|vue|Vue montagne|Vue dégagée|parking|Sous-sol|chauffage|Central|climatisation|Centrale|Split|proximite|École|Magasin|Salle de sport|Espace vert|Restaurant(s)|Café(s)|Banque(s),45,LOW,0.5,False,False,unchanged,0.0,,2026-03-24T17:09:21.060142
newkey_130156,newkey,440000.0,,1.0,Appartement,,,سيدي محرصي,Sale,Apartment,36.4360619,10.7045291,parking,85,HIGH,1.5,False,False,unchanged,0.0,,2026-03-24T13:59:23.585156
newkey_130027,newkey,2300.0,,,Appartement,,,سيدي محرصي,Rent,Apartment,36.4360619,10.7045291,meuble|terrasse,45,LOW,0.5,False,False,unchanged,0.0,,2026-03-24T17:09:43.037611
newkey_130157,newkey,2700.0,,,Appartement,,,سيدي محرصي,Rent,Apartment,36.4360619,10.7045291,jardin|parking,45,LOW,0.5,False,False,unchanged,0.0,,2026-03-24T17:09:05.465416
newkey_130028,newkey,450000.0,,2.0,Maison / Villa,,,الهوارية,Sale,Apartment,37.0565576,11.0104527,terrasse,85,HIGH,1.5,False,False,unchanged,0.0,,2026-03-24T13:59:37.554877
newkey_129987,newkey,,,,Maison / Villa,,,الهوارية,Rent,Land,37.0565576,11.0104527,piscine|garage|ascenseur,25,LOW,0.5,False,False,unchanged,,,2026-03-24T17:09:50.582919
newkey_130077,newkey,1750.0,446.0,,Maison / Villa,,,الهوارية,Sale,Land,37.0565576,11.0104527,Residential and calm neighborhood|Strategic location near amenities|High construction potential,70,GOOD,1.0,True,False,unchanged,0.0,3.92,2026-03-24T13:59:31.632772
newkey_130181,newkey,3200.0,,,Appartement,,,سيدي محرصي,Rent,Apartment,36.4360619,10.7045291,parking|terrasse,45,LOW,0.5,False,False,unchanged,0.0,,2026-03-24T17:08:50.964745
newkey_130161,newkey,370000.0,,3.0,Appartement,,,سيدي محرصي,Sale,Apartment,36.4360619,10.7045291,Général|Suite parentale|vue|Centre ville|Vue dégagée|parking|Sous-sol|chauffage|Central|climatisation|Split|proximite|École|Magasin|Salle de sport|Espace vert|Restaurant(s)|Café(s)|Municipalité|Aéroport,85,HIGH,1.5,False,False,unchanged,0.0,,2026-03-24T13:58:26.920870
newkey_130171,newkey,790000.0,152.0,,Bureau Et Local...,,,,Sale,Commercial,,,haut standing|parking|meuble,75,GOOD,1.0,False,False,unchanged,0.0,5197.37,2026-03-24T13:58:12.147176
newkey_130160,newkey,7000.0,,4.0,Maison / Villa,,,الهوارية,Sale,Apartment,37.0565576,11.0104527,haut standing|parking|vue mer,85,HIGH,1.5,False,False,unchanged,0.0,,2026-03-24T13:59:15.889496
newkey_130159,newkey,1550.0,,,Appartement,,,سيدي محرصي,Rent,Villa,36.4360619,10.7045291,,40,LOW,0.5,False,False,unchanged,0.0,,2026-03-24T17:08:57.450709
newkey_130191,newkey,410000.0,,4.0,Appartement,,,سيدي محرصي,Sale,Apartment,36.4360619,10.7045291,Général|Terrasse|vue|Vue dégagée|parking|Sous-sol|chauffage|Central|climatisation|Split,85,HIGH,1.5,False,False,unchanged,0.0,,2026-03-24T13:58:20.745517
newkey_130174,newkey,1600.0,,,Appartement,,,سيدي محرصي,Rent,Apartment,36.4360619,10.7045291,terrasse,45,LOW,0.5,False,False,unchanged,0.0,,2026-03-24T17:08:35.156074
newkey_130222,newkey,270000.0,,2.0,Appartement,,,سيدي محرصي,Sale,Apartment,36.4360619,10.7045291,Espace extérieur|Jardin|vue|Banlieue|Centre ville|Jardin|parking|Sous-sol|chauffage|Central|climatisation|Split|proximite|Magasin|Espace vert|Restaurant(s)|Café(s)|Aéroport,85,HIGH,1.5,False,False,unchanged,0.0,,2026-03-24T13:58:02.820275
newkey_130322,newkey,2500.0,,,Appartement,,,سيدي محرصي,Rent,Apartment,36.4360619,10.7045291,Général|Suite parentale|Ascenseur|Placards|Dressing|Portail électrique|Balcon|Double Ascenseur|Accès handicapé|Alimentation d'eau|Code d'accès|Gardien|Gaz de ville|Hall|Haut Standing|Kitchenette|Lumineux|Puissance électrique|Quartier calme|Sécurisé|Stores électriques|Cuisine|Cuisine équipée|Four|Hotte|Plaque|parking|Individuel|Sous-sol|Sécurisé|climatisation|Split|proximite|École|Magasin|Salle de sport|Espace vert|Restaurant(s)|Café(s)|Bureau de Poste|Banque(s),45,LOW,0.5,False,False,unchanged,0.0,,2026-03-24T17:08:27.948968
newkey_130189,newkey,1260.0,,,Appartement,,,سيدي محرصي,Rent,Apartment,36.4360619,10.7045291,Général|Dernier étage|vue|Vue dégagée|parking|Sous-sol|chauffage|Central|climatisation|Split|proximite|Magasin|Salle de sport|Espace vert|Restaurant(s)|Municipalité|Aéroport,45,LOW,0.5,False,False,unchanged,0.0,,2026-03-24T17:08:42.602133
newkey_130454,newkey,3600.0,,,Appartement,,,سيدي محرصي,Rent,Apartment,36.4360619,10.7045291,parking|terrasse,45,LOW,0.5,False,False,unchanged,0.0,,2026-03-24T17:07:43.287890
newkey_130435,newkey,3400.0,,,Appartement,,,سيدي محرصي,Rent,Apartment,36.4360619,10.7045291,Général|Suite parentale|Piscine|Ascenseur|Fibre optique|Dressing|Portail électrique|Alarme|Balcon|Ensoleillé (e)|Double Ascenseur|Wi-fi|Accès handicapé|Alarme incendie|Alimentation d'eau|Chambres Spacieuses|Code d'accès|Construction en pierres|Gardien|Gaz de ville|Hall|Haut Standing|Interphone|Isolation phonique|Isolation thermique|Jacuzzi|Kitchenette|Lave vaisselle|Lumineux|Machine à laver|Micro onde|Proche commerces|Proche transport|Puissance électrique|Quartier calme|Réfrigérateur|Réseau internet|Sécurisé|Sondage Puits|Stores électriques|Très Haut Standing|TV|Video-phone|Cuisine|Cuisine équipée|Four|Hotte|Plaque|parking|Individuel|Sous-sol|Sécurisé|chauffage|Sol|Gaz|proximite|École|Magasin|Salle de sport|Espace vert|Restaurant(s)|Café(s)|Salle de cinéma / Théâtre|Bureau de Poste|Banque(s)|Municipalité,45,LOW,0.5,False,False,unchanged,0.0,,2026-03-24T17:07:03.731154
newkey_130439,newkey,2200.0,,,Appartement,,,سيدي محرصي,Rent,Apartment,36.4360619,10.7045291,jardin|meuble,45,LOW,0.5,False,False,unchanged,0.0,,2026-03-24T17:06:57.598152
newkey_130442,newkey,1700.0,,,Appartement,,,سيدي محرصي,Rent,Apartment,36.4360619,10.7045291,Général|Ascenseur|Placards|Dressing|Alarme|Balcon|Double Ascenseur|Double vitrage|Accès handicapé|Alimentation d'eau|Chambres Spacieuses|Code d'accès|Construction en pierres|Gardien|Gaz de ville|Hall|Haut Standing|Interphone|Isolation thermique|Kitchenette|Lumineux|Proche transport|Quartier calme|Réseau internet|Rez-de-chaussée|Sondage Puits|Stores électriques|Cuisine|Cuisine équipée|Four|Hotte|Plaque|parking|Individuel|Sous-sol|Sécurisé|climatisation|Split|proximite|Magasin|Salle de sport|Espace vert|Restaurant(s)|Café(s)|Bureau de Poste|Banque(s)|Municipalité,45,LOW,0.5,False,False,unchanged,0.0,,2026-03-24T17:06:51.162985
newkey_130380,newkey,2500.0,,,Appartement,,,سيدي محرصي,Rent,Apartment,36.4360619,10.7045291,meuble,45,LOW,0.5,False,False,unchanged,0.0,,2026-03-24T17:07:58.823326
newkey_130433,newkey,1700.0,,,Appartement,,,سيدي محرصي,Rent,Apartment,36.4360619,10.7045291,Général|Ascenseur|Placards|Dressing|Portail électrique|Alarme|Balcon|Ensoleillé (e)|Double Ascenseur|Double vitrage|Accès handicapé|Alarme incendie|Alimentation d'eau|Code d'accès|Construction en pierres|Gardien|Gaz de ville|Hall|Isolation phonique|Isolation thermique|Kitchenette|Lumineux|Proche commerces|Puissance électrique|Réfrigérateur|Sondage Puits|Stores électriques|Très Haut Standing|Cuisine|Cuisine équipée|Four|Hotte|Plaque|parking|Individuel|Sous-sol|Sécurisé|climatisation|Centrale|Split|proximite|Magasin|Salle de sport|Restaurant(s)|Café(s)|Bureau de Poste|Municipalité|Station de métro,45,LOW,0.5,False,False,unchanged,0.0,,2026-03-24T17:07:11.532180
newkey_130362,newkey,1500.0,,,Appartement,,,سيدي محرصي,Rent,Apartment,36.4360619,10.7045291,Espace extérieur|Jardin|vue|Vue montagne|Vue dégagée|parking|Sous-sol|chauffage|Central|climatisation|Split|proximite|Magasin|Espace vert|Restaurant(s)|Café(s)|Aéroport,45,LOW,0.5,False,False,unchanged,0.0,,2026-03-24T17:08:13.999757
newkey_130447,newkey,3000.0,,,Bureau Et Local...,,,,Rent,Commercial,,,,25,LOW,0.5,False,False,unchanged,0.0,,2026-03-24T17:07:50.323841
newkey_130430,newkey,2300.0,,,Appartement,,,سيدي محرصي,Rent,Apartment,36.4360619,10.7045291,Général|Ascenseur|Placards|Dressing|Portail électrique|Balcon|Ensoleillé (e)|Double Ascenseur|Double vitrage|Accès handicapé|Alimentation d'eau|Chambres Spacieuses|Code d'accès|Construction en pierres|Gardien|Gaz de ville|Hall|Haut Standing|Isolation thermique|Kitchenette|Lumineux|Machine à laver|Puissance électrique|Quartier calme|Réfrigérateur|Réseau internet|Sécurisé|Stores électriques|Très Haut Standing,45,LOW,0.5,False,False,unchanged,0.0,,2026-03-24T17:07:18.917570
newkey_130399,newkey,1350.0,,,Appartement,,,,Rent,Villa,,,,25,LOW,0.5,False,False,unchanged,0.0,,2026-03-24T17:08:06.587099
newkey_130467,newkey,350000.0,,2.0,Appartement,,,سيدي محرصي,Sale,Apartment,36.4360619,10.7045291,vue|Vue dégagée|parking|Sous-sol|chauffage|Central|climatisation|Split|proximite|École|Magasin|Salle de sport|Restaurant(s)|Café(s)|Municipalité,85,HIGH,1.5,False,False,unchanged,0.0,,2026-03-24T13:57:30.892015
newkey_97511,newkey,385000.0,,2.0,Appartement,,,سيدي محرصي,Sale,Apartment,36.4360619,10.7045291,parking,85,HIGH,1.5,False,False,unchanged,0.0,,2026-03-24T14:04:17.876313
newkey_130515,newkey,2300.0,,,Appartement,,,سيدي محرصي,Rent,Apartment,36.4360619,10.7045291,Général|Terrasse|vue|Vue dégagée|parking|Place de parking|chauffage|Central|climatisation|Split|proximite|École|Magasin|Salle de sport|Restaurant(s)|Café(s)|Banque(s)|Lycée,45,LOW,0.5,False,False,unchanged,0.0,,2026-03-24T17:06:43.979976
verdar_107846,verdar,105000.0,160.0,,,,,,Sale,Land,33.8439408,9.400138,,40,LOW,0.5,False,False,unchanged,0.0,656.25,2026-03-24T17:33:39.831237
verdar_124362,verdar,1900.0,200.0,,,,,,Rent,Villa,33.8439408,9.400138,,30,LOW,0.5,False,False,unchanged,0.0,9.5,2026-03-24T17:38:41.445906
newkey_78799,newkey,850000.0,,,Maison / Villa,,,,Sale,Villa,,,Général|Suite parentale|Cellier|Dernier étage|Piscine|Terrasse|Dressing|Ensoleillé (e)|Double vitrage|Parabole|Chambres Spacieuses|Hall|Haut Standing|Isolation thermique|Puissance électrique|Rez-de-chaussée|Sécurisé|Très Haut Standing|Espace extérieur|Jardin|Jardin arboré|Jardin clôturé|vue|Jardin|parking|Garage|chauffage|Central|proximite|École|Espace vert|Restaurant(s)|Café(s)|Banque(s)|Municipalité|Station de métro|Aéroport|Lycée,30,LOW,0.5,False,False,unchanged,0.0,,2026-03-24T16:59:32.127192
newkey_70942,newkey,410000.0,,,Appartement,,,سيدي محرصي,Sale,Apartment,36.4360619,10.7045291,Général|Suite parentale|Dernier étage|Terrasse|Ascenseur|Dressing|Ensoleillé (e)|Double vitrage|Code d'accès|Gardien|Haut Standing|Quartier calme|Stores électriques|Video-phone|Cuisine|Cuisine équipée|Four|Hotte|Plaque|chauffage|Central|climatisation|Split,45,LOW,0.5,False,False,unchanged,0.0,,2026-03-24T17:05:25.127321
newkey_95276,newkey,,,6.0,Maison / Villa,,,الهوارية,Sale,Villa,37.0565576,11.0104527,Général|Suite parentale|Terrasse|Placards|Dressing|Balcon|Ensoleillé (e)|Chambres Spacieuses|Hall|Haut Standing|Lumineux|Proche commerces|Quartier calme|Rez-de-chaussée|Sécurisé|Stores électriques|Titre foncier|Espace extérieur|Jardin|Jardin arboré|Cuisine|Double cuisine|Cuisine équipée|Cuisinière électrique|Four|Hotte|Plaque|vue|Vue artère principale|parking|Abri de voiture|Garage|Sécurisé|chauffage|Central|climatisation|Split|proximite|École|Magasin|Salle de sport|Espace vert|Terrain de foot ou autre|Restaurant(s)|Café(s)|Bureau de Poste|Banque(s)|Municipalité|Station de bus|Aéroport|École maternelle|Lycée,40,LOW,0.5,False,False,unchanged,,,2026-03-24T14:03:36.960579
newkey_130466,newkey,2300.0,,,Maison / Villa,,,,Rent,Commercial,,,chambre de service,30,LOW,0.5,False,False,unchanged,0.0,,2026-03-24T17:07:35.083109
verdar_97543,verdar,980000.0,450.0,,,,,,Sale,Land,33.8439408,9.400138,,40,LOW,0.5,False,False,unchanged,0.0,2177.78,2026-03-24T17:34:18.469519
verdar_92821,verdar,399000.0,532.0,,,,,,Sale,Land,33.8439408,9.400138,,40,LOW,0.5,False,False,unchanged,0.0,750.0,2026-03-24T17:33:47.999968
zitouna_immo_2973,zitouna_immo,3500.0,,,La Marsa,TUNIS,north,La Marsa,Rent,Villa,36.8775,10.3275,Espace extérieur|Jardin|Général|Terrasse|Balcon|Wi-fi|parking|Garage|Garage|chauffage|Central|climatisation|Split,55,LOW,0.5,False,False,unchanged,0.0,,2026-03-24T17:48:34.338278
verdar_124672,verdar,750.0,,,,,,,Rent,Commercial,33.8439408,9.400138,,25,LOW,0.5,False,False,unchanged,0.0,,2026-03-24T17:38:23.366587
verdar_129894,verdar,620000.0,622.0,,,,,,Sale,Land,33.8439408,9.400138,,40,LOW,0.5,False,False,unchanged,0.0,996.78,2026-03-24T17:34:02.826714
verdar_124713,verdar,3000.0,1000.0,,,,,,Rent,Land,33.8439408,9.400138,,30,LOW,0.5,False,False,unchanged,0.0,3.0,2026-03-24T17:38:17.049860
zitouna_immo_5804,zitouna_immo,,,,Sousse Ville,SOUSSE,east,Sousse Ville,Sale,Land,35.8269,10.63,Général|Suite parentale|Cellier|Piscine|Terrasse|Portail électrique|Alarme|Cheminée|Double vitrage|Wi-fi|Buanderie|Chambres Spacieuses|Construction en pierres|Gaz de ville|Hall|Interphone|Jacuzzi|Lumineux|Machine à laver|Sécurisé|Toiture neuve|Très Haut Standing|Video-phone|Espace extérieur|Jardin|Cuisine|Cuisine équipée|parking|Place de parking à l’extérieur|Garage|chauffage|Central|climatisation|Centrale,35,LOW,0.5,False,False,unchanged,,,2026-03-24T17:43:02.686991
zitouna_immo_5775,zitouna_immo,,,,La Marsa,TUNIS,north,La Marsa,Rent,Villa,36.8775,10.3275,jardin|terrasse,35,LOW,0.5,False,False,unchanged,,,2026-03-24T17:47:50.566589
zitouna_immo_5557,zitouna_immo,,,,Carthage,TUNIS,north,Carthage,Rent,Land,36.8536,10.3256,vue mer,35,LOW,0.5,False,False,unchanged,,,2026-03-24T17:48:02.947359
zitouna_immo_6434,zitouna_immo,970000.0,,,La Soukra,ARIANA,north,La Soukra,Sale,Commercial,36.885212,10.245301,Général|Ensoleillé (e)|Lumineux|Proche commerces|Sécurisé,55,LOW,0.5,False,False,unchanged,0.0,,2026-03-24T17:43:09.522135
zitouna_immo_6536,zitouna_immo,410000.0,,,La Marsa,TUNIS,north,La Marsa,Sale,Commercial,36.8775,10.3275,,50,LOW,0.5,False,False,unchanged,0.0,,2026-03-24T17:43:16.717982
zitouna_immo_5518,zitouna_immo,4500.0,,,La Marsa,TUNIS,north,La Marsa,Rent,Apartment,36.8775,10.3275,vue mer,55,LOW,0.5,False,False,unchanged,0.0,,2026-03-24T17:47:43.628640
zitouna_immo_6535,zitouna_immo,1250.0,,,La Goulette,TUNIS,north,La Goulette,Sale,Villa,36.8197,10.2936,Cuisine|Double cuisine|Général|Ensoleillé (e)|Lumineux|Proche commerces|Quartier calme|Sécurisé|Titre foncier|chauffage|Central|climatisation|Split,35,LOW,0.5,True,False,unchanged,0.0,,2026-03-24T17:43:22.609333
zitouna_immo_6538,zitouna_immo,890000.0,,,La Marsa,TUNIS,north,La Marsa,Sale,Villa,36.8775,10.3275,Espace extérieur|Jardin|Général|Terrasse|Balcon|Ensoleillé (e)|Chambres Spacieuses|Lumineux|Proche commerces|Quartier calme|Sécurisé|Titre foncier|parking|Abri de voiture|Privé|Sécurisé|chauffage|Central|climatisation|Split,55,LOW,0.5,False,False,unchanged,0.0,,2026-03-24T17:42:56.612598
zitouna_immo_5707,zitouna_immo,15000.0,,,La Marsa,TUNIS,north,La Marsa,Rent,Villa,36.8775,10.3275,Général|Suite parentale|Dernier étage|Piscine|Terrasse|Ascenseur|Placards|Dressing|Portail électrique|Alarme|Balcon|Double vitrage|Alimentation d'eau|Chambres Spacieuses|Gardien|Gaz de ville|Hall|Haut Standing|Interphone|Lumineux|Quartier calme|Stores électriques|Espace extérieur|Jardin|Cuisine|Cuisine équipée|vue|Vue mer|parking|Sous-sol|Place de parking|chauffage|Central|climatisation|Centrale,55,LOW,0.5,False,False,unchanged,0.0,,2026-03-24T17:47:58.140643
zitouna_immo_6546,zitouna_immo,1800.0,,,La Marsa,TUNIS,north,La Marsa,Rent,Villa,36.8775,10.3275,Général|Terrasse|Placards|Ensoleillé (e)|Chambres Spacieuses|Haut Standing|Lumineux|Proche commerces|Quartier calme|Sécurisé|Cuisine|Hotte|Plaque|vue|Vue dégagée|parking|Place de parking|chauffage|Central|climatisation|Split,55,LOW,0.5,False,False,unchanged,0.0,,2026-03-24T17:48:17.269231
zitouna_immo_6545,zitouna_immo,4000.0,,,La Marsa,TUNIS,north,La Marsa,Rent,Apartment,36.8775,10.3275,Général|Suite parentale|Terrasse|Placards|Ensoleillé (e)|Chambres Spacieuses|Lumineux|Proche commerces|Quartier calme|Sécurisé|Cuisine|Cuisine équipée|vue|Vue mer|Vue dégagée|parking|Place de parking à l’extérieur|chauffage|Central|climatisation|Split,55,LOW,0.5,False,False,unchanged,0.0,,2026-03-24T17:48:09.537870
zitouna_immo_6547,zitouna_immo,2200.0,,,Ariana Ville,ARIANA,north,Ariana Ville,Rent,Commercial,36.866011,10.193923,Général|Placards|Ensoleillé (e)|Chambres Spacieuses|Lumineux|Sécurisé|Cuisine|Four|Hotte|Plaque|parking|Place de parking à l’extérieur|chauffage|Central|climatisation|Split|proximite|École|Magasin|Café(s),55,LOW,0.5,False,False,unchanged,0.0,,2026-03-24T17:48:22.180280
zitouna_immo_6543,zitouna_immo,3700.0,,,La Marsa,TUNIS,north,La Marsa,Rent,Commercial,36.8775,10.3275,Cuisine|Double cuisine|Général|Terrasse|Placards|Ensoleillé (e)|Lumineux|Proche commerces|Quartier calme|Sécurisé|chauffage|Central|climatisation|Split|proximite|École|Magasin|Salle de sport|Espace vert|Restaurant(s)|Café(s)|Salle de cinéma / Théâtre|Bureau de Poste|Banque(s)|Municipalité|Station de bus|Lycée,55,LOW,0.5,False,False,unchanged,0.0,,2026-03-24T17:48:27.515872
zitouna_immo_6541,zitouna_immo,3500.0,,,La Marsa,TUNIS,north,La Marsa,Rent,Apartment,36.8775,10.3275,Général|Suite parentale|Terrasse|Placards|Dressing|Ensoleillé (e)|Chambres Spacieuses|Lumineux|Quartier calme|Sécurisé|vue|Ville|parking|Sous-sol|Privé|Sécurisé|chauffage|Central|climatisation|Centrale,55,LOW,0.5,False,False,unchanged,0.0,,2026-03-24T17:48:40.135763
zitouna_immo_6544,zitouna_immo,5000.0,288.0,,La Soukra,ARIANA,north,La Soukra,Rent,Other,36.885212,10.245301,open space|288 m²|flexibilité|lumière,90,HIGH,1.5,False,False,unchanged,0.0,17.36,2026-03-24T15:06:54.262426
